0 0.4 
1 0.371299 
2 0.343744 
3 0.317563 
4 0.292956 
5 0.270087 
6 0.249058 
7 0.229899 
8 0.212593 
9 0.197079 
10 0.183278 
11 0.171067 
12 0.160319 
13 0.150899 
14 0.142702 
15 0.135589 
16 0.12946 
17 0.124204 
18 0.119731 
19 0.11595 
20 0.112791 
21 0.110191 
22 0.10809 
23 0.106439 
24 0.105204 
25 0.10434 
26 0.103821 
27 0.103612 
28 0.103693 
29 0.104038 
30 0.104629 
31 0.105446 
32 0.106474 
33 0.107697 
34 0.109103 
35 0.110677 
36 0.11241 
37 0.114287 
38 0.116298 
39 0.118433 
40 0.120679 
41 0.123028 
42 0.125467 
43 0.127985 
44 0.130571 
45 0.133214 
46 0.135903 
47 0.138626 
48 0.141372 
49 0.144129 
50 0.146885 
51 0.149629 
52 0.152348 
53 0.155032 
54 0.15767 
55 0.16025 
56 0.162763 
57 0.165197 
58 0.167544 
59 0.169796 
60 0.171942 
61 0.173977 
62 0.175893 
63 0.177685 
64 0.179348 
65 0.180877 
66 0.18227 
67 0.183524 
68 0.184639 
69 0.185614 
70 0.18645 
71 0.187148 
72 0.187712 
73 0.188144 
74 0.188448 
75 0.188629 
76 0.188693 
77 0.188646 
78 0.188494 
79 0.188243 
80 0.187902 
81 0.187477 
82 0.186976 
83 0.186407 
84 0.185778 
85 0.185096 
86 0.184368 
87 0.183603 
88 0.182808 
89 0.18199 
90 0.18115 
91 0.180305 
92 0.179458 
93 0.178612 
94 0.177771 
95 0.17694 
96 0.176124 
97 0.175326 
98 0.17455 
99 0.1738 
100 0.173077 
101 0.172385 
102 0.171726 
103 0.171101 
104 0.170511 
105 0.169958 
106 0.169442 
107 0.168965 
108 0.168525 
109 0.168124 
110 0.16776 
111 0.167434 
112 0.167145 
113 0.166892 
114 0.166674 
115 0.16649 
116 0.166339 
117 0.166221 
118 0.166132 
119 0.166073 
120 0.166041 
121 0.166035 
122 0.166054 
123 0.166096 
124 0.166159 
125 0.166242 
126 0.166343 
127 0.16646 
128 0.166592 
129 0.166738 
130 0.166896 
131 0.167063 
132 0.167239 
133 0.167423 
134 0.167612 
135 0.167805 
136 0.168001 
137 0.168199 
138 0.168398 
139 0.168596 
140 0.168792 
141 0.168986 
142 0.169176 
143 0.169362 
144 0.169543 
145 0.169718 
146 0.169886 
147 0.170048 
148 0.170201 
149 0.170347 
150 0.170485 
151 0.170614 
152 0.170734 
153 0.170846 
154 0.170948 
155 0.171041 
156 0.171125 
157 0.1712 
158 0.171267 
159 0.171324 
160 0.171373 
161 0.171414 
162 0.171446 
163 0.171471 
164 0.171488 
165 0.171498 
166 0.171502 
167 0.171499 
168 0.17149 
169 0.171475 
170 0.171456 
171 0.171432 
172 0.171403 
173 0.171371 
174 0.171335 
175 0.171296 
176 0.171254 
177 0.17121 
178 0.171164 
179 0.171117 
180 0.171069 
181 0.17102 
182 0.17097 
183 0.17092 
184 0.170871 
185 0.170821 
186 0.170773 
187 0.170725 
188 0.170678 
189 0.170633 
190 0.170589 
191 0.170547 
192 0.170507 
193 0.170468 
194 0.170431 
195 0.170397 
196 0.170365 
197 0.170335 
198 0.170307 
199 0.170281 
200 0.170258 
201 0.170237 
202 0.170218 
203 0.170201 
204 0.170187 
205 0.170175 
206 0.170164 
207 0.170156 
208 0.17015 
209 0.170145 
210 0.170142 
211 0.170141 
212 0.170142 
213 0.170144 
214 0.170147 
215 0.170152 
216 0.170158 
217 0.170164 
218 0.170173 
219 0.170182 
220 0.170192 
221 0.170202 
222 0.170213 
223 0.170224 
224 0.170235 
225 0.170247 
226 0.170259 
227 0.170271 
228 0.170283 
229 0.170295 
230 0.170306 
231 0.170318 
232 0.170329 
233 0.17034 
234 0.170351 
235 0.170361 
236 0.170371 
237 0.170381 
238 0.17039 
239 0.170399 
240 0.170407 
241 0.170415 
242 0.170422 
243 0.170429 
244 0.170435 
245 0.17044 
246 0.170446 
247 0.17045 
248 0.170454 
249 0.170458 
250 0.170461 
251 0.170464 
252 0.170466 
253 0.170468 
254 0.170469 
255 0.17047 
256 0.170471 
257 0.170471 
258 0.170471 
259 0.17047 
260 0.170469 
261 0.170468 
262 0.170467 
263 0.170466 
264 0.170464 
265 0.170462 
266 0.17046 
267 0.170458 
268 0.170456 
269 0.170453 
270 0.170451 
271 0.170448 
272 0.170446 
273 0.170443 
274 0.170441 
275 0.170438 
276 0.170435 
277 0.170433 
278 0.17043 
279 0.170428 
280 0.170426 
281 0.170423 
282 0.170421 
283 0.170419 
284 0.170417 
285 0.170415 
286 0.170413 
287 0.170411 
288 0.17041 
289 0.170408 
290 0.170407 
291 0.170405 
292 0.170404 
293 0.170403 
294 0.170402 
295 0.170401 
296 0.170401 
297 0.1704 
298 0.170399 
299 0.170399 
300 0.170399 
301 0.170398 
302 0.170398 
303 0.170398 
304 0.170398 
305 0.170398 
306 0.170398 
307 0.170398 
308 0.170399 
309 0.170399 
310 0.170399 
311 0.1704 
312 0.1704 
313 0.170401 
314 0.170401 
315 0.170402 
316 0.170402 
317 0.170403 
318 0.170403 
319 0.170404 
320 0.170404 
321 0.170405 
322 0.170405 
323 0.170406 
324 0.170407 
325 0.170407 
326 0.170408 
327 0.170408 
328 0.170409 
329 0.170409 
330 0.17041 
331 0.17041 
332 0.17041 
333 0.170411 
334 0.170411 
335 0.170411 
336 0.170412 
337 0.170412 
338 0.170412 
339 0.170413 
340 0.170413 
341 0.170413 
342 0.170413 
343 0.170413 
344 0.170414 
345 0.170414 
346 0.170414 
347 0.170414 
348 0.170414 
349 0.170414 
350 0.170414 
351 0.170414 
352 0.170414 
353 0.170414 
354 0.170414 
355 0.170414 
356 0.170414 
357 0.170414 
358 0.170413 
359 0.170413 
360 0.170413 
