0 0.1 
1 0.112308 
2 0.12362 
3 0.133641 
4 0.142148 
5 0.148992 
6 0.154119 
7 0.157559 
8 0.159391 
9 0.159756 
10 0.158799 
11 0.156719 
12 0.153702 
13 0.149934 
14 0.145554 
15 0.140738 
16 0.135603 
17 0.130278 
18 0.124858 
19 0.119431 
20 0.114061 
21 0.108799 
22 0.103685 
23 0.098754 
24 0.0940219 
25 0.0895098 
26 0.085225 
27 0.0811757 
28 0.0773629 
29 0.0737861 
30 0.0704424 
31 0.0673263 
32 0.0644316 
33 0.0617504 
34 0.0592761 
35 0.0569994 
36 0.0549122 
37 0.0530059 
38 0.0512717 
39 0.0497028 
40 0.0482901 
41 0.0470269 
42 0.0459053 
43 0.0449183 
44 0.0440595 
45 0.0433223 
46 0.0427014 
47 0.0421909 
48 0.0417857 
49 0.0414805 
50 0.0412707 
51 0.0411517 
52 0.0411191 
53 0.0411688 
54 0.0412967 
55 0.0414991 
56 0.0417719 
57 0.0421115 
58 0.0425141 
59 0.042976 
60 0.0434933 
61 0.0440624 
62 0.0446793 
63 0.0453402 
64 0.0460411 
65 0.0467779 
66 0.0475464 
67 0.0483426 
68 0.0491621 
69 0.0500006 
70 0.0508536 
71 0.0517168 
72 0.0525858 
73 0.0534562 
74 0.0543236 
75 0.0551838 
76 0.0560326 
77 0.0568659 
78 0.0576801 
79 0.0584713 
80 0.0592361 
81 0.0599715 
82 0.0606745 
83 0.0613425 
84 0.0619732 
85 0.0625648 
86 0.0631155 
87 0.0636242 
88 0.0640898 
89 0.0645119 
90 0.0648709 
91 0.0651868 
92 0.065479 
93 0.0657288 
94 0.065937 
95 0.0661048 
96 0.0662334 
97 0.0663245 
98 0.0663798 
99 0.0664011 
100 0.0663906 
101 0.0663501 
102 0.0662819 
103 0.066188 
104 0.0660711 
105 0.0659333 
106 0.0657765 
107 0.065603 
108 0.0654151 
109 0.0652148 
110 0.0650043 
111 0.0647851 
112 0.0645596 
113 0.0643295 
114 0.0640965 
115 0.0638621 
116 0.0636275 
117 0.0633943 
118 0.0631637 
119 0.0629368 
120 0.0627147 
121 0.0624984 
122 0.0622888 
123 0.0620865 
124 0.0618923 
125 0.0617067 
126 0.0615303 
127 0.0613634 
128 0.0612062 
129 0.0610592 
130 0.0609225 
131 0.0607963 
132 0.0606806 
133 0.0605754 
134 0.0604806 
135 0.0603962 
136 0.0603219 
137 0.0602575 
138 0.0602028 
139 0.0601575 
140 0.0601213 
141 0.0600938 
142 0.0600747 
143 0.0600635 
144 0.0600599 
145 0.0600634 
146 0.0600736 
147 0.06009 
148 0.0601122 
149 0.0601397 
150 0.0601721 
151 0.0602088 
152 0.0602495 
153 0.0602936 
154 0.0603408 
155 0.0603906 
156 0.0604425 
157 0.0604962 
158 0.0605512 
159 0.0606072 
160 0.0606638 
161 0.0607207 
162 0.0607775 
163 0.0608339 
164 0.0608896 
165 0.0609443 
166 0.0609979 
167 0.06105 
168 0.0611005 
169 0.0611492 
170 0.0611958 
171 0.0612404 
172 0.0612826 
173 0.0613225 
174 0.06136 
175 0.061395 
176 0.0614274 
177 0.0614571 
178 0.0614843 
179 0.0615089 
180 0.0615309 
181 0.0615504 
182 0.0615673 
183 0.0615817 
184 0.0615938 
185 0.0616035 
186 0.0616111 
187 0.0616164 
188 0.0616197 
189 0.0616211 
190 0.0616207 
191 0.0616185 
192 0.0616147 
193 0.0616095 
194 0.0616028 
195 0.0615949 
196 0.0615859 
197 0.0615759 
198 0.0615651 
199 0.0615534 
200 0.0615411 
201 0.0615283 
202 0.061515 
203 0.0615013 
204 0.0614874 
205 0.0614733 
206 0.0614592 
207 0.0614451 
208 0.0614311 
209 0.0614172 
210 0.0614036 
211 0.0613903 
212 0.0613773 
213 0.0613647 
214 0.0613526 
215 0.061341 
216 0.0613299 
217 0.0613194 
218 0.0613097 
219 0.0613007 
220 0.0612923 
221 0.0612845 
222 0.0612774 
223 0.0612709 
224 0.061265 
225 0.0612598 
226 0.0612552 
227 0.0612511 
228 0.0612477 
229 0.0612448 
230 0.0612424 
231 0.0612406 
232 0.0612393 
233 0.0612384 
234 0.061238 
235 0.061238 
236 0.0612385 
237 0.0612392 
238 0.0612404 
239 0.0612418 
240 0.0612435 
241 0.0612455 
242 0.0612477 
243 0.0612501 
244 0.0612527 
245 0.0612554 
246 0.0612583 
247 0.0612613 
248 0.0612644 
249 0.0612675 
250 0.0612706 
251 0.0612738 
252 0.061277 
253 0.0612801 
254 0.0612833 
255 0.0612864 
256 0.0612894 
257 0.0612923 
258 0.0612952 
259 0.061298 
260 0.0613006 
261 0.0613032 
262 0.0613056 
263 0.0613079 
264 0.0613101 
265 0.0613122 
266 0.0613141 
267 0.0613158 
268 0.0613175 
269 0.061319 
270 0.0613203 
271 0.0613216 
272 0.0613227 
273 0.0613236 
274 0.0613245 
275 0.0613252 
276 0.0613257 
277 0.0613262 
278 0.0613266 
279 0.0613268 
280 0.061327 
281 0.061327 
282 0.061327 
283 0.0613269 
284 0.0613267 
285 0.0613264 
286 0.0613261 
287 0.0613257 
288 0.0613252 
289 0.0613247 
290 0.0613242 
291 0.0613236 
292 0.061323 
293 0.0613224 
294 0.0613217 
295 0.061321 
296 0.0613204 
297 0.0613197 
298 0.061319 
299 0.0613183 
300 0.0613176 
301 0.0613169 
302 0.0613163 
303 0.0613156 
304 0.061315 
305 0.0613144 
306 0.0613138 
307 0.0613132 
308 0.0613126 
309 0.0613121 
310 0.0613116 
311 0.0613112 
312 0.0613107 
313 0.0613103 
314 0.06131 
315 0.0613096 
316 0.0613093 
317 0.061309 
318 0.0613088 
319 0.0613085 
320 0.0613083 
321 0.0613082 
322 0.061308 
323 0.0613079 
324 0.0613078 
325 0.0613078 
326 0.0613077 
327 0.0613077 
328 0.0613077 
329 0.0613077 
330 0.0613077 
331 0.0613078 
332 0.0613078 
333 0.0613079 
334 0.061308 
335 0.0613081 
336 0.0613082 
337 0.0613083 
338 0.0613085 
339 0.0613086 
340 0.0613087 
341 0.0613089 
342 0.061309 
343 0.0613092 
344 0.0613093 
345 0.0613095 
346 0.0613096 
347 0.0613098 
348 0.0613099 
349 0.0613101 
350 0.0613102 
351 0.0613103 
352 0.0613105 
353 0.0613106 
354 0.0613107 
355 0.0613108 
356 0.061311 
357 0.0613111 
358 0.0613112 
359 0.0613112 
360 0.0613113 
