0 0.5 
1 0.516393 
2 0.532636 
3 0.548797 
4 0.564896 
5 0.580921 
6 0.596823 
7 0.612541 
8 0.628016 
9 0.643165 
10 0.657923 
11 0.672214 
12 0.685978 
13 0.699166 
14 0.711744 
15 0.723673 
16 0.734937 
17 0.745518 
18 0.755411 
19 0.764618 
20 0.773148 
21 0.781011 
22 0.788225 
23 0.794807 
24 0.800774 
25 0.80615 
26 0.810954 
27 0.815212 
28 0.818944 
29 0.822176 
30 0.824929 
31 0.827227 
32 0.829094 
33 0.830553 
34 0.831621 
35 0.832323 
36 0.832678 
37 0.832707 
38 0.832431 
39 0.831865 
40 0.83103 
41 0.829945 
42 0.828628 
43 0.827097 
44 0.825369 
45 0.823464 
46 0.821396 
47 0.819183 
48 0.816842 
49 0.81439 
50 0.811844 
51 0.80922 
52 0.806533 
53 0.803799 
54 0.801033 
55 0.798251 
56 0.795465 
57 0.792691 
58 0.789941 
59 0.787228 
60 0.784564 
61 0.781961 
62 0.779427 
63 0.776975 
64 0.774611 
65 0.772345 
66 0.770184 
67 0.768133 
68 0.766199 
69 0.764385 
70 0.762696 
71 0.761135 
72 0.759702 
73 0.7584 
74 0.757229 
75 0.756187 
76 0.755274 
77 0.754488 
78 0.753826 
79 0.753286 
80 0.752862 
81 0.752552 
82 0.752349 
83 0.75225 
84 0.752249 
85 0.75234 
86 0.752516 
87 0.752773 
88 0.753102 
89 0.753498 
90 0.753979 
91 0.754508 
92 0.755063 
93 0.755659 
94 0.756292 
95 0.756955 
96 0.757643 
97 0.75835 
98 0.75907 
99 0.759799 
100 0.760532 
101 0.761265 
102 0.761992 
103 0.762711 
104 0.763418 
105 0.764109 
106 0.764781 
107 0.765432 
108 0.76606 
109 0.766662 
110 0.767236 
111 0.767781 
112 0.768296 
113 0.768779 
114 0.76923 
115 0.769648 
116 0.770033 
117 0.770385 
118 0.770704 
119 0.77099 
120 0.771244 
121 0.771466 
122 0.771657 
123 0.771818 
124 0.771949 
125 0.772051 
126 0.772127 
127 0.772177 
128 0.772201 
129 0.772203 
130 0.772182 
131 0.77214 
132 0.77208 
133 0.772002 
134 0.771908 
135 0.771799 
136 0.771677 
137 0.771543 
138 0.771399 
139 0.771247 
140 0.771087 
141 0.77092 
142 0.770749 
143 0.770574 
144 0.770397 
145 0.770219 
146 0.77004 
147 0.769862 
148 0.769686 
149 0.769513 
150 0.769343 
151 0.769177 
152 0.769016 
153 0.768861 
154 0.768711 
155 0.768568 
156 0.768432 
157 0.768303 
158 0.768182 
159 0.768069 
160 0.767963 
161 0.767866 
162 0.767776 
163 0.767695 
164 0.767622 
165 0.767557 
166 0.7675 
167 0.767451 
168 0.76741 
169 0.767375 
170 0.767348 
171 0.767328 
172 0.767314 
173 0.767307 
174 0.767305 
175 0.767309 
176 0.767319 
177 0.767333 
178 0.767351 
179 0.767374 
180 0.7674 
181 0.76743 
182 0.767463 
183 0.767498 
184 0.767536 
185 0.767575 
186 0.767616 
187 0.767659 
188 0.767702 
189 0.767746 
190 0.76779 
191 0.767835 
192 0.767879 
193 0.767923 
194 0.767966 
195 0.768008 
196 0.768049 
197 0.768089 
198 0.768128 
199 0.768165 
200 0.768201 
201 0.768235 
202 0.768267 
203 0.768297 
204 0.768326 
205 0.768352 
206 0.768376 
207 0.768399 
208 0.768419 
209 0.768438 
210 0.768454 
211 0.768468 
212 0.768481 
213 0.768491 
214 0.7685 
215 0.768507 
216 0.768512 
217 0.768516 
218 0.768518 
219 0.768518 
220 0.768516 
221 0.768514 
222 0.76851 
223 0.768505 
224 0.7685 
225 0.768493 
226 0.768486 
227 0.768478 
228 0.76847 
229 0.768461 
230 0.768451 
231 0.768441 
232 0.768431 
233 0.768421 
234 0.768411 
235 0.7684 
236 0.76839 
237 0.76838 
238 0.768369 
239 0.768359 
240 0.768349 
241 0.76834 
242 0.76833 
243 0.768321 
244 0.768312 
245 0.768304 
246 0.768296 
247 0.768288 
248 0.768281 
249 0.768275 
250 0.768268 
251 0.768263 
252 0.768257 
253 0.768252 
254 0.768248 
255 0.768244 
256 0.76824 
257 0.768237 
258 0.768234 
259 0.768232 
260 0.76823 
261 0.768228 
262 0.768227 
263 0.768226 
264 0.768226 
265 0.768226 
266 0.768226 
267 0.768226 
268 0.768227 
269 0.768228 
270 0.768229 
271 0.76823 
272 0.768232 
273 0.768233 
274 0.768235 
275 0.768237 
276 0.768239 
277 0.768241 
278 0.768243 
279 0.768245 
280 0.768247 
281 0.76825 
282 0.768252 
283 0.768254 
284 0.768257 
285 0.768259 
286 0.768261 
287 0.768263 
288 0.768265 
289 0.768267 
290 0.768269 
291 0.768271 
292 0.768273 
293 0.768274 
294 0.768276 
295 0.768278 
296 0.768279 
297 0.76828 
298 0.768282 
299 0.768283 
300 0.768284 
301 0.768285 
302 0.768286 
303 0.768286 
304 0.768287 
305 0.768287 
306 0.768288 
307 0.768288 
308 0.768289 
309 0.768289 
310 0.768289 
311 0.768289 
312 0.768289 
313 0.768289 
314 0.768289 
315 0.768289 
316 0.768289 
317 0.768288 
318 0.768288 
319 0.768288 
320 0.768287 
321 0.768287 
322 0.768287 
323 0.768286 
324 0.768286 
325 0.768285 
326 0.768285 
327 0.768284 
328 0.768284 
329 0.768283 
330 0.768283 
331 0.768282 
332 0.768282 
333 0.768281 
334 0.768281 
335 0.76828 
336 0.76828 
337 0.76828 
338 0.768279 
339 0.768279 
340 0.768278 
341 0.768278 
342 0.768278 
343 0.768277 
344 0.768277 
345 0.768277 
346 0.768277 
347 0.768276 
348 0.768276 
349 0.768276 
350 0.768276 
351 0.768276 
352 0.768276 
353 0.768276 
354 0.768275 
355 0.768275 
356 0.768275 
357 0.768275 
358 0.768275 
359 0.768275 
360 0.768275 
