0 100000 
1 98131.5 
2 96550.2 
3 95132.1 
4 93810.2 
5 92547.7 
6 91324.7 
7 90130 
8 88957.7 
9 87804.2 
10 86667.6 
11 85546.9 
12 84441.3 
13 83350.2 
14 82273.5 
15 81210.7 
16 80161.7 
17 79126.4 
18 78104.3 
19 77095.5 
20 76099.8 
21 75116.9 
22 74146.6 
23 73189 
24 72243.7 
25 71310.6 
26 70389.5 
27 69480.4 
28 68582.9 
29 67697.1 
30 66822.8 
31 65959.7 
32 65107.7 
33 64266.8 
34 63436.7 
35 62617.3 
36 61808.6 
37 61010.2 
38 60222.2 
39 59444.4 
40 58676.6 
41 57918.7 
42 57170.6 
43 56432.2 
44 55703.3 
45 54983.9 
46 54273.7 
47 53572.7 
48 52880.8 
49 52197.7 
50 51523.5 
51 50858.1 
52 50201.2 
53 49552.8 
54 48912.8 
55 48281 
56 47657.4 
57 47041.9 
58 46434.3 
59 45834.5 
60 45242.5 
61 44658.2 
62 44081.4 
63 43512 
64 42950 
65 42395.3 
66 41847.7 
67 41307.1 
68 40773.6 
69 40247 
70 39727.1 
71 39214 
72 38707.5 
73 38207.6 
74 37714.1 
75 37227 
76 36746.1 
77 36271.5 
78 35803 
79 35340.6 
80 34884.1 
81 34433.6 
82 33988.8 
83 33549.8 
84 33116.5 
85 32688.7 
86 32266.5 
87 31849.8 
88 31438.4 
89 31032.3 
90 30631.5 
91 30235.9 
92 29845.3 
93 29459.8 
94 29079.3 
95 28703.7 
96 28333 
97 27967 
98 27605.8 
99 27249.2 
100 26897.3 
101 26549.9 
102 26207 
103 25868.5 
104 25534.4 
105 25204.6 
106 24879 
107 24557.7 
108 24240.5 
109 23927.4 
110 23618.3 
111 23313.3 
112 23012.2 
113 22714.9 
114 22421.6 
115 22132 
116 21846.1 
117 21564 
118 21285.4 
119 21010.5 
120 20739.1 
121 20471.3 
122 20206.9 
123 19945.9 
124 19688.3 
125 19434 
126 19183 
127 18935.2 
128 18690.6 
129 18449.2 
130 18211 
131 17975.7 
132 17743.6 
133 17514.4 
134 17288.2 
135 17064.9 
136 16844.5 
137 16626.9 
138 16412.2 
139 16200.2 
140 15991 
141 15784.4 
142 15580.5 
143 15379.3 
144 15180.7 
145 14984.6 
146 14791.1 
147 14600 
148 14411.5 
149 14225.3 
150 14041.6 
151 13860.2 
152 13681.2 
153 13504.5 
154 13330.1 
155 13157.9 
156 12988 
157 12820.2 
158 12654.6 
159 12491.2 
160 12329.8 
161 12170.6 
162 12013.4 
163 11858.2 
164 11705.1 
165 11553.9 
166 11404.7 
167 11257.4 
168 11112 
169 10968.5 
170 10826.8 
171 10686.9 
172 10548.9 
173 10412.7 
174 10278.2 
175 10145.4 
176 10014.4 
177 9885.05 
178 9757.37 
179 9631.35 
180 9506.95 
181 9384.16 
182 9262.96 
183 9143.32 
184 9025.22 
185 8908.65 
186 8793.59 
187 8680.01 
188 8567.9 
189 8457.24 
190 8348.01 
191 8240.19 
192 8133.76 
193 8028.7 
194 7925.01 
195 7822.65 
196 7721.61 
197 7621.88 
198 7523.44 
199 7426.27 
200 7330.35 
201 7235.67 
202 7142.22 
203 7049.97 
204 6958.91 
205 6869.03 
206 6780.31 
207 6692.74 
208 6606.3 
209 6520.97 
210 6436.75 
211 6353.61 
212 6271.55 
213 6190.54 
214 6110.59 
215 6031.67 
216 5953.76 
217 5876.86 
218 5800.96 
219 5726.03 
220 5652.08 
221 5579.08 
222 5507.02 
223 5435.89 
224 5365.68 
225 5296.38 
226 5227.97 
227 5160.45 
228 5093.79 
229 5028 
230 4963.06 
231 4898.96 
232 4835.69 
233 4773.23 
234 4711.58 
235 4650.72 
236 4590.66 
237 4531.36 
238 4472.84 
239 4415.07 
240 4358.04 
241 4301.75 
242 4246.19 
243 4191.35 
244 4137.22 
245 4083.78 
246 4031.03 
247 3978.97 
248 3927.58 
249 3876.85 
250 3826.78 
251 3777.35 
252 3728.56 
253 3680.41 
254 3632.87 
255 3585.95 
256 3539.63 
257 3493.92 
258 3448.79 
259 3404.24 
260 3360.28 
261 3316.88 
262 3274.03 
263 3231.75 
264 3190.01 
265 3148.81 
266 3108.14 
267 3067.99 
268 3028.37 
269 2989.25 
270 2950.64 
271 2912.53 
272 2874.91 
273 2837.78 
274 2801.13 
275 2764.95 
276 2729.24 
277 2693.99 
278 2659.19 
279 2624.85 
280 2590.95 
281 2557.48 
282 2524.45 
283 2491.84 
284 2459.66 
285 2427.89 
286 2396.53 
287 2365.58 
288 2335.03 
289 2304.87 
290 2275.1 
291 2245.71 
292 2216.71 
293 2188.08 
294 2159.82 
295 2131.92 
296 2104.38 
297 2077.2 
298 2050.38 
299 2023.89 
300 1997.75 
301 1971.95 
302 1946.48 
303 1921.34 
304 1896.52 
305 1872.03 
306 1847.85 
307 1823.98 
308 1800.43 
309 1777.17 
310 1754.22 
311 1731.56 
312 1709.2 
313 1687.12 
314 1665.33 
315 1643.82 
316 1622.59 
317 1601.63 
318 1580.95 
319 1560.53 
320 1540.37 
321 1520.48 
322 1500.84 
323 1481.45 
324 1462.32 
325 1443.43 
326 1424.79 
327 1406.39 
328 1388.22 
329 1370.29 
330 1352.59 
331 1335.12 
332 1317.88 
333 1300.86 
334 1284.06 
335 1267.47 
336 1251.1 
337 1234.94 
338 1218.99 
339 1203.25 
340 1187.71 
341 1172.36 
342 1157.22 
343 1142.28 
344 1127.52 
345 1112.96 
346 1098.59 
347 1084.4 
348 1070.39 
349 1056.56 
350 1042.92 
351 1029.45 
352 1016.15 
353 1003.03 
354 990.073 
355 977.285 
356 964.663 
357 952.203 
358 939.905 
359 927.765 
360 915.782 
