0 0.99176 
0.05 0.99199 
0.1 0.992212 
0.15 0.992426 
0.2 0.992633 
0.25 0.992837 
0.3 0.993035 
0.35 0.993224 
0.4 0.993408 
0.45 0.993589 
0.5 0.993765 
0.55 0.993936 
0.6 0.994101 
0.65 0.994262 
0.7 0.994418 
0.75 0.99457 
0.8 0.994717 
0.85 0.994859 
0.9 0.994998 
0.95 0.995131 
1 0.99526 
1.05 0.995386 
1.1 0.99551 
1.15 0.995629 
1.2 0.995745 
1.25 0.995858 
1.3 0.995967 
1.35 0.996073 
1.4 0.996176 
1.45 0.996276 
1.5 0.996373 
1.55 0.996467 
1.6 0.996559 
1.65 0.996647 
1.7 0.996734 
1.75 0.996817 
1.8 0.996899 
1.85 0.996978 
1.9 0.997054 
1.95 0.997129 
2 0.997201 
2.05 0.997271 
2.1 0.997339 
2.15 0.997405 
2.2 0.997469 
2.25 0.997532 
2.3 0.997592 
2.35 0.997651 
2.4 0.997708 
2.45 0.997764 
2.5 0.997818 
2.55 0.99787 
2.6 0.997921 
2.65 0.99797 
2.7 0.998018 
2.75 0.998065 
2.8 0.998109 
2.85 0.998153 
2.9 0.998195 
2.95 0.998237 
3 0.998277 
3.05 0.998315 
3.1 0.998353 
3.15 0.99839 
3.2 0.998426 
3.25 0.99846 
3.3 0.998494 
3.35 0.998527 
3.4 0.998559 
3.45 0.99859 
3.5 0.99862 
3.55 0.998649 
3.6 0.998678 
3.65 0.998706 
3.7 0.998733 
3.75 0.998759 
3.8 0.998784 
3.85 0.998809 
3.9 0.998833 
3.95 0.998857 
4 0.99888 
4.05 0.998902 
4.1 0.998923 
4.15 0.998944 
4.2 0.998965 
4.25 0.998985 
4.3 0.999004 
4.35 0.999023 
4.4 0.999042 
4.45 0.999059 
4.5 0.999077 
4.55 0.999094 
4.6 0.99911 
4.65 0.999126 
4.7 0.999142 
4.75 0.999157 
4.8 0.999172 
4.85 0.999187 
4.9 0.999201 
4.95 0.999214 
5 0.999228 
5.05 0.999241 
5.1 0.999254 
5.15 0.999266 
5.2 0.999278 
5.25 0.99929 
5.3 0.999301 
5.35 0.999312 
5.4 0.999323 
5.45 0.999334 
5.5 0.999344 
5.55 0.999354 
5.6 0.999364 
5.65 0.999374 
5.7 0.999383 
5.75 0.999392 
5.8 0.999401 
5.85 0.99941 
5.9 0.999419 
5.95 0.999427 
6 0.999435 
6.05 0.999443 
6.1 0.999451 
6.15 0.999458 
6.2 0.999466 
6.25 0.999473 
6.3 0.99948 
6.35 0.999487 
6.4 0.999493 
6.45 0.9995 
6.5 0.999506 
6.55 0.999513 
6.6 0.999519 
6.65 0.999525 
6.7 0.999531 
6.75 0.999536 
6.8 0.999542 
6.85 0.999547 
6.9 0.999553 
6.95 0.999558 
7 0.999563 
7.05 0.999568 
7.1 0.999573 
7.15 0.999578 
7.2 0.999583 
7.25 0.999587 
7.3 0.999592 
7.35 0.999596 
7.4 0.999601 
7.45 0.999605 
7.5 0.999609 
7.55 0.999613 
7.6 0.999617 
7.65 0.999621 
7.7 0.999625 
7.75 0.999629 
7.8 0.999633 
7.85 0.999636 
7.9 0.99964 
7.95 0.999644 
8 0.999647 
8.05 0.99965 
8.1 0.999654 
8.15 0.999657 
8.2 0.99966 
8.25 0.999663 
8.3 0.999666 
8.35 0.999669 
8.4 0.999672 
8.45 0.999675 
8.5 0.999678 
8.55 0.999681 
8.6 0.999684 
8.65 0.999687 
8.7 0.999689 
8.75 0.999692 
8.8 0.999695 
8.85 0.999697 
8.9 0.9997 
8.95 0.999702 
9 0.999705 
9.05 0.999707 
9.1 0.99971 
9.15 0.999712 
9.2 0.999714 
9.25 0.999717 
9.3 0.999719 
9.35 0.999721 
9.4 0.999723 
9.45 0.999725 
9.5 0.999728 
9.55 0.99973 
9.6 0.999732 
9.65 0.999734 
9.7 0.999736 
9.75 0.999738 
9.8 0.99974 
9.85 0.999742 
9.9 0.999744 
9.95 0.999745 
10 0.999747 
10.05 0.999749 
10.1 0.999751 
10.15 0.999753 
10.2 0.999755 
10.25 0.999756 
10.3 0.999758 
10.35 0.99976 
10.4 0.999761 
10.45 0.999763 
10.5 0.999765 
10.55 0.999766 
10.6 0.999768 
10.65 0.99977 
10.7 0.999771 
10.75 0.999773 
10.8 0.999774 
10.85 0.999776 
10.9 0.999777 
10.95 0.999779 
11 0.99978 
11.05 0.999782 
11.1 0.999783 
11.15 0.999785 
11.2 0.999786 
11.25 0.999788 
11.3 0.999789 
11.35 0.99979 
11.4 0.999792 
11.45 0.999793 
11.5 0.999794 
11.55 0.999796 
11.6 0.999797 
11.65 0.999798 
11.7 0.9998 
11.75 0.999801 
11.8 0.999802 
11.85 0.999803 
11.9 0.999805 
11.95 0.999806 
12 0.999807 
12.05 0.999808 
12.1 0.999809 
12.15 0.999811 
12.2 0.999812 
12.25 0.999813 
12.3 0.999814 
12.35 0.999815 
12.4 0.999816 
12.45 0.999818 
12.5 0.999819 
12.55 0.99982 
12.6 0.999821 
12.65 0.999822 
12.7 0.999823 
12.75 0.999824 
12.8 0.999825 
12.85 0.999826 
12.9 0.999827 
12.95 0.999828 
13 0.999829 
13.05 0.99983 
13.1 0.999831 
13.15 0.999832 
13.2 0.999833 
13.25 0.999834 
13.3 0.999835 
13.35 0.999836 
13.4 0.999837 
13.45 0.999838 
13.5 0.999839 
13.55 0.99984 
13.6 0.999841 
13.65 0.999842 
13.7 0.999843 
13.75 0.999844 
13.8 0.999845 
13.85 0.999846 
13.9 0.999847 
13.95 0.999848 
14 0.999849 
14.05 0.999849 
14.1 0.99985 
14.15 0.999851 
14.2 0.999852 
14.25 0.999853 
14.3 0.999854 
14.35 0.999855 
14.4 0.999856 
14.45 0.999856 
14.5 0.999857 
14.55 0.999858 
14.6 0.999859 
14.65 0.99986 
14.7 0.99986 
14.75 0.999861 
14.8 0.999862 
14.85 0.999863 
14.9 0.999864 
14.95 0.999864 
15 0.999865 
15.05 0.999866 
15.1 0.999867 
15.15 0.999868 
15.2 0.999868 
15.25 0.999869 
15.3 0.99987 
15.35 0.999871 
15.4 0.999871 
15.45 0.999872 
15.5 0.999873 
15.55 0.999874 
15.6 0.999874 
15.65 0.999875 
15.7 0.999876 
15.75 0.999876 
15.8 0.999877 
15.85 0.999878 
15.9 0.999879 
15.95 0.999879 
16 0.99988 
16.05 0.999881 
16.1 0.999881 
16.15 0.999882 
16.2 0.999883 
16.25 0.999883 
16.3 0.999884 
16.35 0.999885 
16.4 0.999885 
16.45 0.999886 
16.5 0.999887 
16.55 0.999887 
16.6 0.999888 
16.65 0.999889 
16.7 0.999889 
16.75 0.99989 
16.8 0.99989 
16.85 0.999891 
16.9 0.999892 
16.95 0.999892 
17 0.999893 
17.05 0.999893 
17.1 0.999894 
17.15 0.999895 
17.2 0.999895 
17.25 0.999896 
17.3 0.999896 
17.35 0.999897 
17.4 0.999898 
17.45 0.999898 
17.5 0.999899 
17.55 0.999899 
17.6 0.9999 
17.65 0.999901 
17.7 0.999901 
17.75 0.999902 
17.8 0.999902 
17.85 0.999903 
17.9 0.999903 
17.95 0.999904 
18 0.999904 
18.05 0.999905 
18.1 0.999905 
18.15 0.999906 
18.2 0.999907 
18.25 0.999907 
18.3 0.999908 
18.35 0.999908 
18.4 0.999909 
18.45 0.999909 
18.5 0.99991 
18.55 0.99991 
18.6 0.999911 
18.65 0.999911 
18.7 0.999912 
18.75 0.999912 
18.8 0.999913 
18.85 0.999913 
18.9 0.999914 
18.95 0.999914 
19 0.999915 
19.05 0.999915 
19.1 0.999916 
19.15 0.999916 
19.2 0.999917 
19.25 0.999917 
19.3 0.999918 
19.35 0.999918 
19.4 0.999918 
19.45 0.999919 
19.5 0.999919 
19.55 0.99992 
19.6 0.99992 
19.65 0.999921 
19.7 0.999921 
19.75 0.999922 
19.8 0.999922 
19.85 0.999922 
19.9 0.999923 
19.95 0.999923 
20 0.999924 
20.05 0.999924 
20.1 0.999925 
20.15 0.999925 
20.2 0.999925 
20.25 0.999926 
20.3 0.999926 
20.35 0.999927 
20.4 0.999927 
20.45 0.999928 
20.5 0.999928 
20.55 0.999928 
20.6 0.999929 
20.65 0.999929 
20.7 0.99993 
20.75 0.99993 
20.8 0.99993 
20.85 0.999931 
20.9 0.999931 
20.95 0.999932 
21 0.999932 
21.05 0.999932 
21.1 0.999933 
21.15 0.999933 
21.2 0.999933 
21.25 0.999934 
21.3 0.999934 
21.35 0.999935 
21.4 0.999935 
21.45 0.999935 
21.5 0.999936 
21.55 0.999936 
21.6 0.999936 
21.65 0.999937 
21.7 0.999937 
21.75 0.999937 
21.8 0.999938 
21.85 0.999938 
21.9 0.999938 
21.95 0.999939 
22 0.999939 
22.05 0.99994 
22.1 0.99994 
22.15 0.99994 
22.2 0.999941 
22.25 0.999941 
22.3 0.999941 
22.35 0.999942 
22.4 0.999942 
22.45 0.999942 
22.5 0.999943 
22.55 0.999943 
22.6 0.999943 
22.65 0.999943 
22.7 0.999944 
22.75 0.999944 
22.8 0.999944 
22.85 0.999945 
22.9 0.999945 
22.95 0.999945 
23 0.999946 
23.05 0.999946 
23.1 0.999946 
23.15 0.999947 
23.2 0.999947 
23.25 0.999947 
23.3 0.999947 
23.35 0.999948 
23.4 0.999948 
23.45 0.999948 
23.5 0.999949 
23.55 0.999949 
23.6 0.999949 
23.65 0.99995 
23.7 0.99995 
23.75 0.99995 
23.8 0.99995 
23.85 0.999951 
23.9 0.999951 
23.95 0.999951 
24 0.999951 
24.05 0.999952 
24.1 0.999952 
24.15 0.999952 
24.2 0.999953 
24.25 0.999953 
24.3 0.999953 
24.35 0.999953 
24.4 0.999954 
24.45 0.999954 
24.5 0.999954 
24.55 0.999954 
24.6 0.999955 
24.65 0.999955 
24.7 0.999955 
24.75 0.999955 
24.8 0.999956 
24.85 0.999956 
24.9 0.999956 
24.95 0.999956 
25 0.999957 
25.05 0.999957 
25.1 0.999957 
25.15 0.999957 
25.2 0.999958 
25.25 0.999958 
25.3 0.999958 
25.35 0.999958 
25.4 0.999959 
25.45 0.999959 
25.5 0.999959 
25.55 0.999959 
25.6 0.999959 
25.65 0.99996 
25.7 0.99996 
25.75 0.99996 
25.8 0.99996 
25.85 0.999961 
25.9 0.999961 
25.95 0.999961 
26 0.999961 
26.05 0.999961 
26.1 0.999962 
26.15 0.999962 
26.2 0.999962 
26.25 0.999962 
26.3 0.999963 
26.35 0.999963 
26.4 0.999963 
26.45 0.999963 
26.5 0.999963 
26.55 0.999964 
26.6 0.999964 
26.65 0.999964 
26.7 0.999964 
26.75 0.999964 
26.8 0.999965 
26.85 0.999965 
26.9 0.999965 
26.95 0.999965 
27 0.999965 
27.05 0.999966 
27.1 0.999966 
27.15 0.999966 
27.2 0.999966 
27.25 0.999966 
27.3 0.999967 
27.35 0.999967 
27.4 0.999967 
27.45 0.999967 
27.5 0.999967 
27.55 0.999967 
27.6 0.999968 
27.65 0.999968 
27.7 0.999968 
27.75 0.999968 
27.8 0.999968 
27.85 0.999969 
27.9 0.999969 
27.95 0.999969 
28 0.999969 
28.05 0.999969 
28.1 0.999969 
28.15 0.99997 
28.2 0.99997 
28.25 0.99997 
28.3 0.99997 
28.35 0.99997 
28.4 0.99997 
28.45 0.999971 
28.5 0.999971 
28.55 0.999971 
28.6 0.999971 
28.65 0.999971 
28.7 0.999971 
28.75 0.999972 
28.8 0.999972 
28.85 0.999972 
28.9 0.999972 
28.95 0.999972 
29 0.999972 
29.05 0.999973 
29.1 0.999973 
29.15 0.999973 
29.2 0.999973 
29.25 0.999973 
29.3 0.999973 
29.35 0.999973 
29.4 0.999974 
29.45 0.999974 
29.5 0.999974 
29.55 0.999974 
29.6 0.999974 
29.65 0.999974 
29.7 0.999974 
29.75 0.999975 
29.8 0.999975 
29.85 0.999975 
29.9 0.999975 
29.95 0.999975 
30 0.999975 
30.05 0.999975 
30.1 0.999976 
30.15 0.999976 
30.2 0.999976 
30.25 0.999976 
30.3 0.999976 
30.35 0.999976 
30.4 0.999976 
30.45 0.999977 
30.5 0.999977 
30.55 0.999977 
30.6 0.999977 
30.65 0.999977 
30.7 0.999977 
30.75 0.999977 
30.8 0.999977 
30.85 0.999978 
30.9 0.999978 
30.95 0.999978 
31 0.999978 
31.05 0.999978 
31.1 0.999978 
31.15 0.999978 
31.2 0.999978 
31.25 0.999979 
31.3 0.999979 
31.35 0.999979 
31.4 0.999979 
31.45 0.999979 
31.5 0.999979 
31.55 0.999979 
31.6 0.999979 
31.65 0.999979 
31.7 0.99998 
31.75 0.99998 
31.8 0.99998 
31.85 0.99998 
31.9 0.99998 
31.95 0.99998 
32 0.99998 
32.05 0.99998 
32.1 0.999981 
32.15 0.999981 
32.2 0.999981 
32.25 0.999981 
32.3 0.999981 
32.35 0.999981 
32.4 0.999981 
32.45 0.999981 
32.5 0.999981 
32.55 0.999982 
32.6 0.999982 
32.65 0.999982 
32.7 0.999982 
32.75 0.999982 
32.8 0.999982 
32.85 0.999982 
32.9 0.999982 
32.95 0.999982 
33 0.999982 
33.05 0.999983 
33.1 0.999983 
33.15 0.999983 
33.2 0.999983 
33.25 0.999983 
33.3 0.999983 
33.35 0.999983 
33.4 0.999983 
33.45 0.999983 
33.5 0.999983 
33.55 0.999983 
33.6 0.999984 
33.65 0.999984 
33.7 0.999984 
33.75 0.999984 
33.8 0.999984 
33.85 0.999984 
33.9 0.999984 
33.95 0.999984 
34 0.999984 
34.05 0.999984 
34.1 0.999984 
34.15 0.999985 
34.2 0.999985 
34.25 0.999985 
34.3 0.999985 
34.35 0.999985 
34.4 0.999985 
34.45 0.999985 
34.5 0.999985 
34.55 0.999985 
34.6 0.999985 
34.65 0.999985 
34.7 0.999985 
34.75 0.999986 
34.8 0.999986 
34.85 0.999986 
34.9 0.999986 
34.95 0.999986 
35 0.999986 
35.05 0.999986 
35.1 0.999986 
35.15 0.999986 
35.2 0.999986 
35.25 0.999986 
35.3 0.999986 
35.35 0.999987 
35.4 0.999987 
35.45 0.999987 
35.5 0.999987 
35.55 0.999987 
35.6 0.999987 
35.65 0.999987 
35.7 0.999987 
35.75 0.999987 
35.8 0.999987 
35.85 0.999987 
35.9 0.999987 
35.95 0.999987 
36 0.999987 
36.05 0.999988 
36.1 0.999988 
36.15 0.999988 
36.2 0.999988 
36.25 0.999988 
36.3 0.999988 
36.35 0.999988 
36.4 0.999988 
36.45 0.999988 
36.5 0.999988 
36.55 0.999988 
36.6 0.999988 
36.65 0.999988 
36.7 0.999988 
36.75 0.999988 
36.8 0.999989 
36.85 0.999989 
36.9 0.999989 
36.95 0.999989 
37 0.999989 
37.05 0.999989 
37.1 0.999989 
37.15 0.999989 
37.2 0.999989 
37.25 0.999989 
37.3 0.999989 
37.35 0.999989 
37.4 0.999989 
37.45 0.999989 
37.5 0.999989 
37.55 0.999989 
37.6 0.99999 
37.65 0.99999 
37.7 0.99999 
37.75 0.99999 
37.8 0.99999 
37.85 0.99999 
37.9 0.99999 
37.95 0.99999 
38 0.99999 
38.05 0.99999 
38.1 0.99999 
38.15 0.99999 
38.2 0.99999 
38.25 0.99999 
38.3 0.99999 
38.35 0.99999 
38.4 0.99999 
38.45 0.99999 
38.5 0.999991 
38.55 0.999991 
38.6 0.999991 
38.65 0.999991 
38.7 0.999991 
38.75 0.999991 
38.8 0.999991 
38.85 0.999991 
38.9 0.999991 
38.95 0.999991 
39 0.999991 
39.05 0.999991 
39.1 0.999991 
39.15 0.999991 
39.2 0.999991 
39.25 0.999991 
39.3 0.999991 
39.35 0.999991 
39.4 0.999991 
39.45 0.999991 
39.5 0.999992 
39.55 0.999992 
39.6 0.999992 
39.65 0.999992 
39.7 0.999992 
39.75 0.999992 
39.8 0.999992 
39.85 0.999992 
39.9 0.999992 
39.95 0.999992 
40 0.999992 
40.05 0.999992 
40.1 0.999992 
40.15 0.999992 
40.2 0.999992 
40.25 0.999992 
40.3 0.999992 
40.35 0.999992 
40.4 0.999992 
40.45 0.999992 
40.5 0.999992 
40.55 0.999992 
40.6 0.999993 
40.65 0.999993 
40.7 0.999993 
40.75 0.999993 
40.8 0.999993 
40.85 0.999993 
40.9 0.999993 
40.95 0.999993 
41 0.999993 
41.05 0.999993 
41.1 0.999993 
41.15 0.999993 
41.2 0.999993 
41.25 0.999993 
41.3 0.999993 
41.35 0.999993 
41.4 0.999993 
41.45 0.999993 
41.5 0.999993 
41.55 0.999993 
41.6 0.999993 
41.65 0.999993 
41.7 0.999993 
41.75 0.999993 
41.8 0.999994 
41.85 0.999994 
41.9 0.999994 
41.95 0.999994 
42 0.999994 
42.05 0.999994 
42.1 0.999994 
42.15 0.999994 
42.2 0.999994 
42.25 0.999994 
42.3 0.999994 
42.35 0.999994 
42.4 0.999994 
42.45 0.999994 
42.5 0.999994 
42.55 0.999994 
42.6 0.999994 
42.65 0.999994 
42.7 0.999994 
42.75 0.999994 
42.8 0.999994 
42.85 0.999994 
42.9 0.999994 
42.95 0.999994 
43 0.999994 
43.05 0.999994 
43.1 0.999994 
43.15 0.999994 
43.2 0.999994 
43.25 0.999994 
43.3 0.999995 
43.35 0.999995 
43.4 0.999995 
43.45 0.999995 
43.5 0.999995 
43.55 0.999995 
43.6 0.999995 
43.65 0.999995 
43.7 0.999995 
43.75 0.999995 
43.8 0.999995 
43.85 0.999995 
43.9 0.999995 
43.95 0.999995 
44 0.999995 
44.05 0.999995 
44.1 0.999995 
44.15 0.999995 
44.2 0.999995 
44.25 0.999995 
44.3 0.999995 
44.35 0.999995 
44.4 0.999995 
44.45 0.999995 
44.5 0.999995 
44.55 0.999995 
44.6 0.999995 
44.65 0.999995 
44.7 0.999995 
44.75 0.999995 
44.8 0.999995 
44.85 0.999995 
44.9 0.999995 
44.95 0.999995 
45 0.999995 
45.05 0.999995 
45.1 0.999996 
45.15 0.999996 
45.2 0.999996 
45.25 0.999996 
45.3 0.999996 
45.35 0.999996 
45.4 0.999996 
45.45 0.999996 
45.5 0.999996 
45.55 0.999996 
45.6 0.999996 
45.65 0.999996 
45.7 0.999996 
45.75 0.999996 
45.8 0.999996 
45.85 0.999996 
45.9 0.999996 
45.95 0.999996 
46 0.999996 
46.05 0.999996 
46.1 0.999996 
46.15 0.999996 
46.2 0.999996 
46.25 0.999996 
46.3 0.999996 
46.35 0.999996 
46.4 0.999996 
46.45 0.999996 
46.5 0.999996 
46.55 0.999996 
46.6 0.999996 
46.65 0.999996 
46.7 0.999996 
46.75 0.999996 
46.8 0.999996 
46.85 0.999996 
46.9 0.999996 
46.95 0.999996 
47 0.999996 
47.05 0.999996 
47.1 0.999996 
47.15 0.999996 
47.2 0.999996 
47.25 0.999996 
47.3 0.999996 
47.35 0.999996 
47.4 0.999997 
47.45 0.999997 
47.5 0.999997 
47.55 0.999997 
47.6 0.999997 
47.65 0.999997 
47.7 0.999997 
47.75 0.999997 
47.8 0.999997 
47.85 0.999997 
47.9 0.999997 
47.95 0.999997 
48 0.999997 
48.05 0.999997 
48.1 0.999997 
48.15 0.999997 
48.2 0.999997 
48.25 0.999997 
48.3 0.999997 
48.35 0.999997 
48.4 0.999997 
48.45 0.999997 
48.5 0.999997 
48.55 0.999997 
48.6 0.999997 
48.65 0.999997 
48.7 0.999997 
48.75 0.999997 
48.8 0.999997 
48.85 0.999997 
48.9 0.999997 
48.95 0.999997 
49 0.999997 
49.05 0.999997 
49.1 0.999997 
49.15 0.999997 
49.2 0.999997 
49.25 0.999997 
49.3 0.999997 
49.35 0.999997 
49.4 0.999997 
49.45 0.999997 
49.5 0.999997 
49.55 0.999997 
49.6 0.999997 
49.65 0.999997 
49.7 0.999997 
49.75 0.999997 
49.8 0.999997 
49.85 0.999997 
49.9 0.999997 
49.95 0.999997 
50 0.999997 
50.05 0.999997 
50.1 0.999997 
50.15 0.999997 
50.2 0.999997 
50.25 0.999997 
50.3 0.999997 
50.35 0.999997 
50.4 0.999998 
50.45 0.999998 
50.5 0.999998 
50.55 0.999998 
50.6 0.999998 
50.65 0.999998 
50.7 0.999998 
50.75 0.999998 
50.8 0.999998 
50.85 0.999998 
50.9 0.999998 
50.95 0.999998 
51 0.999998 
51.05 0.999998 
51.1 0.999998 
51.15 0.999998 
51.2 0.999998 
51.25 0.999998 
51.3 0.999998 
51.35 0.999998 
51.4 0.999998 
51.45 0.999998 
51.5 0.999998 
51.55 0.999998 
51.6 0.999998 
51.65 0.999998 
51.7 0.999998 
51.75 0.999998 
51.8 0.999998 
51.85 0.999998 
51.9 0.999998 
51.95 0.999998 
52 0.999998 
52.05 0.999998 
52.1 0.999998 
52.15 0.999998 
52.2 0.999998 
52.25 0.999998 
52.3 0.999998 
52.35 0.999998 
52.4 0.999998 
52.45 0.999998 
52.5 0.999998 
52.55 0.999998 
52.6 0.999998 
52.65 0.999998 
52.7 0.999998 
52.75 0.999998 
52.8 0.999998 
52.85 0.999998 
52.9 0.999998 
52.95 0.999998 
53 0.999998 
53.05 0.999998 
53.1 0.999998 
53.15 0.999998 
53.2 0.999998 
53.25 0.999998 
53.3 0.999998 
53.35 0.999998 
53.4 0.999998 
53.45 0.999998 
53.5 0.999998 
53.55 0.999998 
53.6 0.999998 
53.65 0.999998 
53.7 0.999998 
53.75 0.999998 
53.8 0.999998 
53.85 0.999998 
53.9 0.999998 
53.95 0.999998 
54 0.999998 
54.05 0.999998 
54.1 0.999998 
54.15 0.999998 
54.2 0.999998 
54.25 0.999998 
54.3 0.999998 
54.35 0.999998 
54.4 0.999998 
54.45 0.999998 
54.5 0.999998 
54.55 0.999998 
54.6 0.999998 
54.65 0.999998 
54.7 0.999998 
54.75 0.999999 
54.8 0.999999 
54.85 0.999999 
54.9 0.999999 
54.95 0.999999 
55 0.999999 
55.05 0.999999 
55.1 0.999999 
55.15 0.999999 
55.2 0.999999 
55.25 0.999999 
55.3 0.999999 
55.35 0.999999 
55.4 0.999999 
55.45 0.999999 
55.5 0.999999 
55.55 0.999999 
55.6 0.999999 
55.65 0.999999 
55.7 0.999999 
55.75 0.999999 
55.8 0.999999 
55.85 0.999999 
55.9 0.999999 
55.95 0.999999 
56 0.999999 
56.05 0.999999 
56.1 0.999999 
56.15 0.999999 
56.2 0.999999 
56.25 0.999999 
56.3 0.999999 
56.35 0.999999 
56.4 0.999999 
56.45 0.999999 
56.5 0.999999 
56.55 0.999999 
56.6 0.999999 
56.65 0.999999 
56.7 0.999999 
56.75 0.999999 
56.8 0.999999 
56.85 0.999999 
56.9 0.999999 
56.95 0.999999 
57 0.999999 
57.05 0.999999 
57.1 0.999999 
57.15 0.999999 
57.2 0.999999 
57.25 0.999999 
57.3 0.999999 
57.35 0.999999 
57.4 0.999999 
57.45 0.999999 
57.5 0.999999 
57.55 0.999999 
57.6 0.999999 
57.65 0.999999 
57.7 0.999999 
57.75 0.999999 
57.8 0.999999 
57.85 0.999999 
57.9 0.999999 
57.95 0.999999 
58 0.999999 
58.05 0.999999 
58.1 0.999999 
58.15 0.999999 
58.2 0.999999 
58.25 0.999999 
58.3 0.999999 
58.35 0.999999 
58.4 0.999999 
58.45 0.999999 
58.5 0.999999 
58.55 0.999999 
58.6 0.999999 
58.65 0.999999 
58.7 0.999999 
58.75 0.999999 
58.8 0.999999 
58.85 0.999999 
58.9 0.999999 
58.95 0.999999 
59 0.999999 
59.05 0.999999 
59.1 0.999999 
59.15 0.999999 
59.2 0.999999 
59.25 0.999999 
59.3 0.999999 
59.35 0.999999 
59.4 0.999999 
59.45 0.999999 
59.5 0.999999 
59.55 0.999999 
59.6 0.999999 
59.65 0.999999 
59.7 0.999999 
59.75 0.999999 
59.8 0.999999 
59.85 0.999999 
59.9 0.999999 
59.95 0.999999 
60 0.999999 
60.05 0.999999 
60.1 0.999999 
60.15 0.999999 
60.2 0.999999 
60.25 0.999999 
60.3 0.999999 
60.35 0.999999 
60.4 0.999999 
60.45 0.999999 
60.5 0.999999 
60.55 0.999999 
60.6 0.999999 
60.65 0.999999 
60.7 0.999999 
60.75 0.999999 
60.8 0.999999 
60.85 0.999999 
60.9 0.999999 
60.95 0.999999 
61 0.999999 
61.05 0.999999 
61.1 0.999999 
61.15 0.999999 
61.2 0.999999 
61.25 0.999999 
61.3 0.999999 
61.35 0.999999 
61.4 0.999999 
61.45 0.999999 
61.5 0.999999 
61.55 0.999999 
61.6 0.999999 
61.65 0.999999 
61.7 0.999999 
61.75 0.999999 
61.8 0.999999 
61.85 0.999999 
61.9 0.999999 
61.95 0.999999 
62 0.999999 
62.05 0.999999 
62.1 0.999999 
62.15 0.999999 
62.2 0.999999 
62.25 0.999999 
62.3 0.999999 
62.35 0.999999 
62.4 0.999999 
62.45 0.999999 
62.5 0.999999 
62.55 0.999999 
62.6 0.999999 
62.65 0.999999 
62.7 0.999999 
62.75 0.999999 
62.8 0.999999 
62.85 0.999999 
62.9 0.999999 
62.95 0.999999 
63 0.999999 
63.05 0.999999 
63.1 0.999999 
63.15 0.999999 
63.2 0.999999 
63.25 0.999999 
63.3 0.999999 
63.35 0.999999 
63.4 0.999999 
63.45 0.999999 
63.5 0.999999 
63.55 0.999999 
63.6 0.999999 
63.65 0.999999 
63.7 0.999999 
63.75 0.999999 
63.8 0.999999 
63.85 0.999999 
63.9 0.999999 
63.95 0.999999 
64 0.999999 
64.05 0.999999 
64.1 0.999999 
64.15 0.999999 
64.2 0.999999 
64.25 0.999999 
64.3 0.999999 
64.35 0.999999 
64.4 0.999999 
64.45 0.999999 
64.5 1 
64.55 1 
64.6 1 
64.65 1 
64.7 1 
64.75 1 
64.8 1 
64.85 1 
64.9 1 
64.95 1 
65 1 
65.05 1 
65.1 1 
65.15 1 
65.2 1 
65.25 1 
65.3 1 
65.35 1 
65.4 1 
65.45 1 
65.5 1 
65.55 1 
65.6 1 
65.65 1 
65.7 1 
65.75 1 
65.8 1 
65.85 1 
65.9 1 
65.95 1 
66 1 
66.05 1 
66.1 1 
66.15 1 
66.2 1 
66.25 1 
66.3 1 
66.35 1 
66.4 1 
66.45 1 
66.5 1 
66.55 1 
66.6 1 
66.65 1 
66.7 1 
66.75 1 
66.8 1 
66.85 1 
66.9 1 
66.95 1 
67 1 
67.05 1 
67.1 1 
67.15 1 
67.2 1 
67.25 1 
67.3 1 
67.35 1 
67.4 1 
67.45 1 
67.5 1 
67.55 1 
67.6 1 
67.65 1 
67.7 1 
67.75 1 
67.8 1 
67.85 1 
67.9 1 
67.95 1 
68 1 
68.05 1 
68.1 1 
68.15 1 
68.2 1 
68.25 1 
68.3 1 
68.35 1 
68.4 1 
68.45 1 
68.5 1 
68.55 1 
68.6 1 
68.65 1 
68.7 1 
68.75 1 
68.8 1 
68.85 1 
68.9 1 
68.95 1 
69 1 
69.05 1 
69.1 1 
69.15 1 
69.2 1 
69.25 1 
69.3 1 
69.35 1 
69.4 1 
69.45 1 
69.5 1 
69.55 1 
69.6 1 
69.65 1 
69.7 1 
69.75 1 
69.8 1 
69.85 1 
69.9 1 
69.95 1 
70 1 
70.05 1 
70.1 1 
70.15 1 
70.2 1 
70.25 1 
70.3 1 
70.35 1 
70.4 1 
70.45 1 
70.5 1 
70.55 1 
70.6 1 
70.65 1 
70.7 1 
70.75 1 
70.8 1 
70.85 1 
70.9 1 
70.95 1 
71 1 
71.05 1 
71.1 1 
71.15 1 
71.2 1 
71.25 1 
71.3 1 
71.35 1 
71.4 1 
71.45 1 
71.5 1 
71.55 1 
71.6 1 
71.65 1 
71.7 1 
71.75 1 
71.8 1 
71.85 1 
71.9 1 
71.95 1 
72 1 
72.05 1 
72.1 1 
72.15 1 
72.2 1 
72.25 1 
72.3 1 
72.35 1 
72.4 1 
72.45 1 
72.5 1 
72.55 1 
72.6 1 
72.65 1 
72.7 1 
72.75 1 
72.8 1 
72.85 1 
72.9 1 
72.95 1 
73 1 
73.05 1 
73.1 1 
73.15 1 
73.2 1 
73.25 1 
73.3 1 
73.35 1 
73.4 1 
73.45 1 
73.5 1 
73.55 1 
73.6 1 
73.65 1 
73.7 1 
73.75 1 
73.8 1 
73.85 1 
73.9 1 
73.95 1 
74 1 
74.05 1 
74.1 1 
74.15 1 
74.2 1 
74.25 1 
74.3 1 
74.35 1 
74.4 1 
74.45 1 
74.5 1 
74.55 1 
74.6 1 
74.65 1 
74.7 1 
74.75 1 
74.8 1 
74.85 1 
74.9 1 
74.95 1 
75 1 
75.05 1 
75.1 1 
75.15 1 
75.2 1 
75.25 1 
75.3 1 
75.35 1 
75.4 1 
75.45 1 
75.5 1 
75.55 1 
75.6 1 
75.65 1 
75.7 1 
75.75 1 
75.8 1 
75.85 1 
75.9 1 
75.95 1 
76 1 
76.05 1 
76.1 1 
76.15 1 
76.2 1 
76.25 1 
76.3 1 
76.35 1 
76.4 1 
76.45 1 
76.5 1 
76.55 1 
76.6 1 
76.65 1 
76.7 1 
76.75 1 
76.8 1 
76.85 1 
76.9 1 
76.95 1 
77 1 
77.05 1 
77.1 1 
77.15 1 
77.2 1 
77.25 1 
77.3 1 
77.35 1 
77.4 1 
77.45 1 
77.5 1 
77.55 1 
77.6 1 
77.65 1 
77.7 1 
77.75 1 
77.8 1 
77.85 1 
77.9 1 
77.95 1 
78 1 
78.05 1 
78.1 1 
78.15 1 
78.2 1 
78.25 1 
78.3 1 
78.35 1 
78.4 1 
78.45 1 
78.5 1 
78.55 1 
78.6 1 
78.65 1 
78.7 1 
78.75 1 
78.8 1 
78.85 1 
78.9 1 
78.95 1 
79 1 
79.05 1 
79.1 1 
79.15 1 
79.2 1 
79.25 1 
79.3 1 
79.35 1 
79.4 1 
79.45 1 
79.5 1 
79.55 1 
79.6 1 
79.65 1 
79.7 1 
79.75 1 
79.8 1 
79.85 1 
79.9 1 
79.95 1 
80 1 
80.05 1 
80.1 1 
80.15 1 
80.2 1 
80.25 1 
80.3 1 
80.35 1 
80.4 1 
80.45 1 
80.5 1 
80.55 1 
80.6 1 
80.65 1 
80.7 1 
80.75 1 
80.8 1 
80.85 1 
80.9 1 
80.95 1 
81 1 
81.05 1 
81.1 1 
81.15 1 
81.2 1 
81.25 1 
81.3 1 
81.35 1 
81.4 1 
81.45 1 
81.5 1 
81.55 1 
81.6 1 
81.65 1 
81.7 1 
81.75 1 
81.8 1 
81.85 1 
81.9 1 
81.95 1 
82 1 
82.05 1 
82.1 1 
82.15 1 
82.2 1 
82.25 1 
82.3 1 
82.35 1 
82.4 1 
82.45 1 
82.5 1 
82.55 1 
82.6 1 
82.65 1 
82.7 1 
82.75 1 
82.8 1 
82.85 1 
82.9 1 
82.95 1 
83 1 
83.05 1 
83.1 1 
83.15 1 
83.2 1 
83.25 1 
83.3 1 
83.35 1 
83.4 1 
83.45 1 
83.5 1 
83.55 1 
83.6 1 
83.65 1 
83.7 1 
83.75 1 
83.8 1 
83.85 1 
83.9 1 
83.95 1 
84 1 
84.05 1 
84.1 1 
84.15 1 
84.2 1 
84.25 1 
84.3 1 
84.35 1 
84.4 1 
84.45 1 
84.5 1 
84.55 1 
84.6 1 
84.65 1 
84.7 1 
84.75 1 
84.8 1 
84.85 1 
84.9 1 
84.95 1 
85 1 
85.05 1 
85.1 1 
85.15 1 
85.2 1 
85.25 1 
85.3 1 
85.35 1 
85.4 1 
85.45 1 
85.5 1 
85.55 1 
85.6 1 
85.65 1 
85.7 1 
85.75 1 
85.8 1 
85.85 1 
85.9 1 
85.95 1 
86 1 
86.05 1 
86.1 1 
86.15 1 
86.2 1 
86.25 1 
86.3 1 
86.35 1 
86.4 1 
86.45 1 
86.5 1 
86.55 1 
86.6 1 
86.65 1 
86.7 1 
86.75 1 
86.8 1 
86.85 1 
86.9 1 
86.95 1 
87 1 
87.05 1 
87.1 1 
87.15 1 
87.2 1 
87.25 1 
87.3 1 
87.35 1 
87.4 1 
87.45 1 
87.5 1 
87.55 1 
87.6 1 
87.65 1 
87.7 1 
87.75 1 
87.8 1 
87.85 1 
87.9 1 
87.95 1 
88 1 
88.05 1 
88.1 1 
88.15 1 
88.2 1 
88.25 1 
88.3 1 
88.35 1 
88.4 1 
88.45 1 
88.5 1 
88.55 1 
88.6 1 
88.65 1 
88.7 1 
88.75 1 
88.8 1 
88.85 1 
88.9 1 
88.95 1 
89 1 
89.05 1 
89.1 1 
89.15 1 
89.2 1 
89.25 1 
89.3 1 
89.35 1 
89.4 1 
89.45 1 
89.5 1 
89.55 1 
89.6 1 
89.65 1 
89.7 1 
89.75 1 
89.8 1 
89.85 1 
89.9 1 
89.95 1 
90 1 
90.05 1 
90.1 1 
90.15 1 
90.2 1 
90.25 1 
90.3 1 
90.35 1 
90.4 1 
90.45 1 
90.5 1 
90.55 1 
90.6 1 
90.65 1 
90.7 1 
90.75 1 
90.8 1 
90.85 1 
90.9 1 
90.95 1 
91 1 
91.05 1 
91.1 1 
91.15 1 
91.2 1 
91.25 1 
91.3 1 
91.35 1 
91.4 1 
91.45 1 
91.5 1 
91.55 1 
91.6 1 
91.65 1 
91.7 1 
91.75 1 
91.8 1 
91.85 1 
91.9 1 
91.95 1 
92 1 
92.05 1 
92.1 1 
92.15 1 
92.2 1 
92.25 1 
92.3 1 
92.35 1 
92.4 1 
92.45 1 
92.5 1 
92.55 1 
92.6 1 
92.65 1 
92.7 1 
92.75 1 
92.8 1 
92.85 1 
92.9 1 
92.95 1 
93 1 
93.05 1 
93.1 1 
93.15 1 
93.2 1 
93.25 1 
93.3 1 
93.35 1 
93.4 1 
93.45 1 
93.5 1 
93.55 1 
93.6 1 
93.65 1 
93.7 1 
93.75 1 
93.8 1 
93.85 1 
93.9 1 
93.95 1 
94 1 
94.05 1 
94.1 1 
94.15 1 
94.2 1 
94.25 1 
94.3 1 
94.35 1 
94.4 1 
94.45 1 
94.5 1 
94.55 1 
94.6 1 
94.65 1 
94.7 1 
94.75 1 
94.8 1 
94.85 1 
94.9 1 
94.95 1 
95 1 
95.05 1 
95.1 1 
95.15 1 
95.2 1 
95.25 1 
95.3 1 
95.35 1 
95.4 1 
95.45 1 
95.5 1 
95.55 1 
95.6 1 
95.65 1 
95.7 1 
95.75 1 
95.8 1 
95.85 1 
95.9 1 
95.95 1 
96 1 
96.05 1 
96.1 1 
96.15 1 
96.2 1 
96.25 1 
96.3 1 
96.35 1 
96.4 1 
96.45 1 
96.5 1 
96.55 1 
96.6 1 
96.65 1 
96.7 1 
96.75 1 
96.8 1 
96.85 1 
96.9 1 
96.95 1 
97 1 
97.05 1 
97.1 1 
97.15 1 
97.2 1 
97.25 1 
97.3 1 
97.35 1 
97.4 1 
97.45 1 
97.5 1 
97.55 1 
97.6 1 
97.65 1 
97.7 1 
97.75 1 
97.8 1 
97.85 1 
97.9 1 
97.95 1 
98 1 
98.05 1 
98.1 1 
98.15 1 
98.2 1 
98.25 1 
98.3 1 
98.35 1 
98.4 1 
98.45 1 
98.5 1 
98.55 1 
98.6 1 
98.65 1 
98.7 1 
98.75 1 
98.8 1 
98.85 1 
98.9 1 
98.95 1 
99 1 
99.05 1 
99.1 1 
99.15 1 
99.2 1 
99.25 1 
99.3 1 
99.35 1 
99.4 1 
99.45 1 
99.5 1 
99.55 1 
99.6 1 
99.65 1 
99.7 1 
99.75 1 
99.8 1 
99.85 1 
99.9 1 
99.95 1 
100 1 
100.05 1 
100.1 1 
100.15 1 
100.2 1 
100.25 1 
100.3 1 
100.35 1 
100.4 1 
100.45 1 
100.5 1 
100.55 1 
100.6 1 
100.65 1 
100.7 1 
100.75 1 
100.8 1 
100.85 1 
100.9 1 
100.95 1 
101 1 
101.05 1 
101.1 1 
101.15 1 
101.2 1 
101.25 1 
101.3 1 
101.35 1 
101.4 1 
101.45 1 
101.5 1 
101.55 1 
101.6 1 
101.65 1 
101.7 1 
101.75 1 
101.8 1 
101.85 1 
101.9 1 
101.95 1 
102 1 
102.05 1 
102.1 1 
102.15 1 
102.2 1 
102.25 1 
102.3 1 
102.35 1 
102.4 1 
102.45 1 
102.5 1 
102.55 1 
102.6 1 
102.65 1 
102.7 1 
102.75 1 
102.8 1 
102.85 1 
102.9 1 
102.95 1 
103 1 
103.05 1 
103.1 1 
103.15 1 
103.2 1 
103.25 1 
103.3 1 
103.35 1 
103.4 1 
103.45 1 
103.5 1 
103.55 1 
103.6 1 
103.65 1 
103.7 1 
103.75 1 
103.8 1 
103.85 1 
103.9 1 
103.95 1 
104 1 
104.05 1 
104.1 1 
104.15 1 
104.2 1 
104.25 1 
104.3 1 
104.35 1 
104.4 1 
104.45 1 
104.5 1 
104.55 1 
104.6 1 
104.65 1 
104.7 1 
104.75 1 
104.8 1 
104.85 1 
104.9 1 
104.95 1 
105 1 
105.05 1 
105.1 1 
105.15 1 
105.2 1 
105.25 1 
105.3 1 
105.35 1 
105.4 1 
105.45 1 
105.5 1 
105.55 1 
105.6 1 
105.65 1 
105.7 1 
105.75 1 
105.8 1 
105.85 1 
105.9 1 
105.95 1 
106 1 
106.05 1 
106.1 1 
106.15 1 
106.2 1 
106.25 1 
106.3 1 
106.35 1 
106.4 1 
106.45 1 
106.5 1 
106.55 1 
106.6 1 
106.65 1 
106.7 1 
106.75 1 
106.8 1 
106.85 1 
106.9 1 
106.95 1 
107 1 
107.05 1 
107.1 1 
107.15 1 
107.2 1 
107.25 1 
107.3 1 
107.35 1 
107.4 1 
107.45 1 
107.5 1 
107.55 1 
107.6 1 
107.65 1 
107.7 1 
107.75 1 
107.8 1 
107.85 1 
107.9 1 
107.95 1 
108 1 
108.05 1 
108.1 1 
108.15 1 
108.2 1 
108.25 1 
108.3 1 
108.35 1 
108.4 1 
108.45 1 
108.5 1 
108.55 1 
108.6 1 
108.65 1 
108.7 1 
108.75 1 
108.8 1 
108.85 1 
108.9 1 
108.95 1 
109 1 
109.05 1 
109.1 1 
109.15 1 
109.2 1 
109.25 1 
109.3 1 
109.35 1 
109.4 1 
109.45 1 
109.5 1 
109.55 1 
109.6 1 
109.65 1 
109.7 1 
109.75 1 
109.8 1 
109.85 1 
109.9 1 
109.95 1 
110 1 
110.05 1 
110.1 1 
110.15 1 
110.2 1 
110.25 1 
110.3 1 
110.35 1 
110.4 1 
110.45 1 
110.5 1 
110.55 1 
110.6 1 
110.65 1 
110.7 1 
110.75 1 
110.8 1 
110.85 1 
110.9 1 
110.95 1 
111 1 
111.05 1 
111.1 1 
111.15 1 
111.2 1 
111.25 1 
111.3 1 
111.35 1 
111.4 1 
111.45 1 
111.5 1 
111.55 1 
111.6 1 
111.65 1 
111.7 1 
111.75 1 
111.8 1 
111.85 1 
111.9 1 
111.95 1 
112 1 
112.05 1 
112.1 1 
112.15 1 
112.2 1 
112.25 1 
112.3 1 
112.35 1 
112.4 1 
112.45 1 
112.5 1 
112.55 1 
112.6 1 
112.65 1 
112.7 1 
112.75 1 
112.8 1 
112.85 1 
112.9 1 
112.95 1 
113 1 
113.05 1 
113.1 1 
113.15 1 
113.2 1 
113.25 1 
113.3 1 
113.35 1 
113.4 1 
113.45 1 
113.5 1 
113.55 1 
113.6 1 
113.65 1 
113.7 1 
113.75 1 
113.8 1 
113.85 1 
113.9 1 
113.95 1 
114 1 
114.05 1 
114.1 1 
114.15 1 
114.2 1 
114.25 1 
114.3 1 
114.35 1 
114.4 1 
114.45 1 
114.5 1 
114.55 1 
114.6 1 
114.65 1 
114.7 1 
114.75 1 
114.8 1 
114.85 1 
114.9 1 
114.95 1 
115 1 
115.05 1 
115.1 1 
115.15 1 
115.2 1 
115.25 1 
115.3 1 
115.35 1 
115.4 1 
115.45 1 
115.5 1 
115.55 1 
115.6 1 
115.65 1 
115.7 1 
115.75 1 
115.8 1 
115.85 1 
115.9 1 
115.95 1 
116 1 
116.05 1 
116.1 1 
116.15 1 
116.2 1 
116.25 1 
116.3 1 
116.35 1 
116.4 1 
116.45 1 
116.5 1 
116.55 1 
116.6 1 
116.65 1 
116.7 1 
116.75 1 
116.8 1 
116.85 1 
116.9 1 
116.95 1 
117 1 
117.05 1 
117.1 1 
117.15 1 
117.2 1 
117.25 1 
117.3 1 
117.35 1 
117.4 1 
117.45 1 
117.5 1 
117.55 1 
117.6 1 
117.65 1 
117.7 1 
117.75 1 
117.8 1 
117.85 1 
117.9 1 
117.95 1 
118 1 
118.05 1 
118.1 1 
118.15 1 
118.2 1 
118.25 1 
118.3 1 
118.35 1 
118.4 1 
118.45 1 
118.5 1 
118.55 1 
118.6 1 
118.65 1 
118.7 1 
118.75 1 
118.8 1 
118.85 1 
118.9 1 
118.95 1 
119 1 
119.05 1 
119.1 1 
119.15 1 
119.2 1 
119.25 1 
119.3 1 
119.35 1 
119.4 1 
119.45 1 
119.5 1 
119.55 1 
119.6 1 
119.65 1 
119.7 1 
119.75 1 
119.8 1 
119.85 1 
119.9 1 
119.95 1 
120 1 
120.05 1 
120.1 1 
120.15 1 
120.2 1 
120.25 1 
120.3 1 
120.35 1 
120.4 1 
120.45 1 
120.5 1 
120.55 1 
120.6 1 
120.65 1 
120.7 1 
120.75 1 
120.8 1 
120.85 1 
120.9 1 
120.95 1 
121 1 
121.05 1 
121.1 1 
121.15 1 
121.2 1 
121.25 1 
121.3 1 
121.35 1 
121.4 1 
121.45 1 
121.5 1 
121.55 1 
121.6 1 
121.65 1 
121.7 1 
121.75 1 
121.8 1 
121.85 1 
121.9 1 
121.95 1 
122 1 
122.05 1 
122.1 1 
122.15 1 
122.2 1 
122.25 1 
122.3 1 
122.35 1 
122.4 1 
122.45 1 
122.5 1 
122.55 1 
122.6 1 
122.65 1 
122.7 1 
122.75 1 
122.8 1 
122.85 1 
122.9 1 
122.95 1 
123 1 
123.05 1 
123.1 1 
123.15 1 
123.2 1 
123.25 1 
123.3 1 
123.35 1 
123.4 1 
123.45 1 
123.5 1 
123.55 1 
123.6 1 
123.65 1 
123.7 1 
123.75 1 
123.8 1 
123.85 1 
123.9 1 
123.95 1 
124 1 
124.05 1 
124.1 1 
124.15 1 
124.2 1 
124.25 1 
124.3 1 
124.35 1 
124.4 1 
124.45 1 
124.5 1 
124.55 1 
124.6 1 
124.65 1 
124.7 1 
124.75 1 
124.8 1 
124.85 1 
124.9 1 
124.95 1 
125 1 
125.05 1 
125.1 1 
125.15 1 
125.2 1 
125.25 1 
125.3 1 
125.35 1 
125.4 1 
125.45 1 
125.5 1 
125.55 1 
125.6 1 
125.65 1 
125.7 1 
125.75 1 
125.8 1 
125.85 1 
125.9 1 
125.95 1 
126 1 
126.05 1 
126.1 1 
126.15 1 
126.2 1 
126.25 1 
126.3 1 
126.35 1 
126.4 1 
126.45 1 
126.5 1 
126.55 1 
126.6 1 
126.65 1 
126.7 1 
126.75 1 
126.8 1 
126.85 1 
126.9 1 
126.95 1 
127 1 
127.05 1 
127.1 1 
127.15 1 
127.2 1 
127.25 1 
127.3 1 
127.35 1 
127.4 1 
127.45 1 
127.5 1 
127.55 1 
127.6 1 
127.65 1 
127.7 1 
127.75 1 
127.8 1 
127.85 1 
127.9 1 
127.95 1 
128 1 
128.05 1 
128.1 1 
128.15 1 
128.2 1 
128.25 1 
128.3 1 
128.35 1 
128.4 1 
128.45 1 
128.5 1 
128.55 1 
128.6 1 
128.65 1 
128.7 1 
128.75 1 
128.8 1 
128.85 1 
128.9 1 
128.95 1 
129 1 
129.05 1 
129.1 1 
129.15 1 
129.2 1 
129.25 1 
129.3 1 
129.35 1 
129.4 1 
129.45 1 
129.5 1 
129.55 1 
129.6 1 
129.65 1 
129.7 1 
129.75 1 
129.8 1 
129.85 1 
129.9 1 
129.95 1 
130 1 
130.05 1 
130.1 1 
130.15 1 
130.2 1 
130.25 1 
130.3 1 
130.35 1 
130.4 1 
130.45 1 
130.5 1 
130.55 1 
130.6 1 
130.65 1 
130.7 1 
130.75 1 
130.8 1 
130.85 1 
130.9 1 
130.95 1 
131 1 
131.05 1 
131.1 1 
131.15 1 
131.2 1 
131.25 1 
131.3 1 
131.35 1 
131.4 1 
131.45 1 
131.5 1 
131.55 1 
131.6 1 
131.65 1 
131.7 1 
131.75 1 
131.8 1 
131.85 1 
131.9 1 
131.95 1 
132 1 
132.05 1 
132.1 1 
132.15 1 
132.2 1 
132.25 1 
132.3 1 
132.35 1 
132.4 1 
132.45 1 
132.5 1 
132.55 1 
132.6 1 
132.65 1 
132.7 1 
132.75 1 
132.8 1 
132.85 1 
132.9 1 
132.95 1 
133 1 
133.05 1 
133.1 1 
133.15 1 
133.2 1 
133.25 1 
133.3 1 
133.35 1 
133.4 1 
133.45 1 
133.5 1 
133.55 1 
133.6 1 
133.65 1 
133.7 1 
133.75 1 
133.8 1 
133.85 1 
133.9 1 
133.95 1 
134 1 
134.05 1 
134.1 1 
134.15 1 
134.2 1 
134.25 1 
134.3 1 
134.35 1 
134.4 1 
134.45 1 
134.5 1 
134.55 1 
134.6 1 
134.65 1 
134.7 1 
134.75 1 
134.8 1 
134.85 1 
134.9 1 
134.95 1 
135 1 
135.05 1 
135.1 1 
135.15 1 
135.2 1 
135.25 1 
135.3 1 
135.35 1 
135.4 1 
135.45 1 
135.5 1 
135.55 1 
135.6 1 
135.65 1 
135.7 1 
135.75 1 
135.8 1 
135.85 1 
135.9 1 
135.95 1 
136 1 
136.05 1 
136.1 1 
136.15 1 
136.2 1 
136.25 1 
136.3 1 
136.35 1 
136.4 1 
136.45 1 
136.5 1 
136.55 1 
136.6 1 
136.65 1 
136.7 1 
136.75 1 
136.8 1 
136.85 1 
136.9 1 
136.95 1 
137 1 
137.05 1 
137.1 1 
137.15 1 
137.2 1 
137.25 1 
137.3 1 
137.35 1 
137.4 1 
137.45 1 
137.5 1 
137.55 1 
137.6 1 
137.65 1 
137.7 1 
137.75 1 
137.8 1 
137.85 1 
137.9 1 
137.95 1 
138 1 
138.05 1 
138.1 1 
138.15 1 
138.2 1 
138.25 1 
138.3 1 
138.35 1 
138.4 1 
138.45 1 
138.5 1 
138.55 1 
138.6 1 
138.65 1 
138.7 1 
138.75 1 
138.8 1 
138.85 1 
138.9 1 
138.95 1 
139 1 
139.05 1 
139.1 1 
139.15 1 
139.2 1 
139.25 1 
139.3 1 
139.35 1 
139.4 1 
139.45 1 
139.5 1 
139.55 1 
139.6 1 
139.65 1 
139.7 1 
139.75 1 
139.8 1 
139.85 1 
139.9 1 
139.95 1 
140 1 
140.05 1 
140.1 1 
140.15 1 
140.2 1 
140.25 1 
140.3 1 
140.35 1 
140.4 1 
140.45 1 
140.5 1 
140.55 1 
140.6 1 
140.65 1 
140.7 1 
140.75 1 
140.8 1 
140.85 1 
140.9 1 
140.95 1 
141 1 
141.05 1 
141.1 1 
141.15 1 
141.2 1 
141.25 1 
141.3 1 
141.35 1 
141.4 1 
141.45 1 
141.5 1 
141.55 1 
141.6 1 
141.65 1 
141.7 1 
141.75 1 
141.8 1 
141.85 1 
141.9 1 
141.95 1 
142 1 
142.05 1 
142.1 1 
142.15 1 
142.2 1 
142.25 1 
142.3 1 
142.35 1 
142.4 1 
142.45 1 
142.5 1 
142.55 1 
142.6 1 
142.65 1 
142.7 1 
142.75 1 
142.8 1 
142.85 1 
142.9 1 
142.95 1 
143 1 
143.05 1 
143.1 1 
143.15 1 
143.2 1 
143.25 1 
143.3 1 
143.35 1 
143.4 1 
143.45 1 
143.5 1 
143.55 1 
143.6 1 
143.65 1 
143.7 1 
143.75 1 
143.8 1 
143.85 1 
143.9 1 
143.95 1 
144 1 
144.05 1 
144.1 1 
144.15 1 
144.2 1 
144.25 1 
144.3 1 
144.35 1 
144.4 1 
144.45 1 
144.5 1 
144.55 1 
144.6 1 
144.65 1 
144.7 1 
144.75 1 
144.8 1 
144.85 1 
144.9 1 
144.95 1 
145 1 
145.05 1 
145.1 1 
145.15 1 
145.2 1 
145.25 1 
145.3 1 
145.35 1 
145.4 1 
145.45 1 
145.5 1 
145.55 1 
145.6 1 
145.65 1 
145.7 1 
145.75 1 
145.8 1 
145.85 1 
145.9 1 
145.95 1 
146 1 
146.05 1 
146.1 1 
146.15 1 
146.2 1 
146.25 1 
146.3 1 
146.35 1 
146.4 1 
146.45 1 
146.5 1 
146.55 1 
146.6 1 
146.65 1 
146.7 1 
146.75 1 
146.8 1 
146.85 1 
146.9 1 
146.95 1 
147 1 
147.05 1 
147.1 1 
147.15 1 
147.2 1 
147.25 1 
147.3 1 
147.35 1 
147.4 1 
147.45 1 
147.5 1 
147.55 1 
147.6 1 
147.65 1 
147.7 1 
147.75 1 
147.8 1 
147.85 1 
147.9 1 
147.95 1 
148 1 
148.05 1 
148.1 1 
148.15 1 
148.2 1 
148.25 1 
148.3 1 
148.35 1 
148.4 1 
148.45 1 
148.5 1 
148.55 1 
148.6 1 
148.65 1 
148.7 1 
148.75 1 
148.8 1 
148.85 1 
148.9 1 
148.95 1 
149 1 
149.05 1 
149.1 1 
149.15 1 
149.2 1 
149.25 1 
149.3 1 
149.35 1 
149.4 1 
149.45 1 
149.5 1 
149.55 1 
149.6 1 
149.65 1 
149.7 1 
149.75 1 
149.8 1 
149.85 1 
149.9 1 
149.95 1 
150 1 
150.05 1 
150.1 1 
150.15 1 
150.2 1 
150.25 1 
150.3 1 
150.35 1 
150.4 1 
150.45 1 
150.5 1 
150.55 1 
150.6 1 
150.65 1 
150.7 1 
150.75 1 
150.8 1 
150.85 1 
150.9 1 
150.95 1 
151 1 
151.05 1 
151.1 1 
151.15 1 
151.2 1 
151.25 1 
151.3 1 
151.35 1 
151.4 1 
151.45 1 
151.5 1 
151.55 1 
151.6 1 
151.65 1 
151.7 1 
151.75 1 
151.8 1 
151.85 1 
151.9 1 
151.95 1 
152 1 
152.05 1 
152.1 1 
152.15 1 
152.2 1 
152.25 1 
152.3 1 
152.35 1 
152.4 1 
152.45 1 
152.5 1 
152.55 1 
152.6 1 
152.65 1 
152.7 1 
152.75 1 
152.8 1 
152.85 1 
152.9 1 
152.95 1 
153 1 
153.05 1 
153.1 1 
153.15 1 
153.2 1 
153.25 1 
153.3 1 
153.35 1 
153.4 1 
153.45 1 
153.5 1 
153.55 1 
153.6 1 
153.65 1 
153.7 1 
153.75 1 
153.8 1 
153.85 1 
153.9 1 
153.95 1 
154 1 
154.05 1 
154.1 1 
154.15 1 
154.2 1 
154.25 1 
154.3 1 
154.35 1 
154.4 1 
154.45 1 
154.5 1 
154.55 1 
154.6 1 
154.65 1 
154.7 1 
154.75 1 
154.8 1 
154.85 1 
154.9 1 
154.95 1 
155 1 
155.05 1 
155.1 1 
155.15 1 
155.2 1 
155.25 1 
155.3 1 
155.35 1 
155.4 1 
155.45 1 
155.5 1 
155.55 1 
155.6 1 
155.65 1 
155.7 1 
155.75 1 
155.8 1 
155.85 1 
155.9 1 
155.95 1 
156 1 
156.05 1 
156.1 1 
156.15 1 
156.2 1 
156.25 1 
156.3 1 
156.35 1 
156.4 1 
156.45 1 
156.5 1 
156.55 1 
156.6 1 
156.65 1 
156.7 1 
156.75 1 
156.8 1 
156.85 1 
156.9 1 
156.95 1 
157 1 
157.05 1 
157.1 1 
157.15 1 
157.2 1 
157.25 1 
157.3 1 
157.35 1 
157.4 1 
157.45 1 
157.5 1 
157.55 1 
157.6 1 
157.65 1 
157.7 1 
157.75 1 
157.8 1 
157.85 1 
157.9 1 
157.95 1 
158 1 
158.05 1 
158.1 1 
158.15 1 
158.2 1 
158.25 1 
158.3 1 
158.35 1 
158.4 1 
158.45 1 
158.5 1 
158.55 1 
158.6 1 
158.65 1 
158.7 1 
158.75 1 
158.8 1 
158.85 1 
158.9 1 
158.95 1 
159 1 
159.05 1 
159.1 1 
159.15 1 
159.2 1 
159.25 1 
159.3 1 
159.35 1 
159.4 1 
159.45 1 
159.5 1 
159.55 1 
159.6 1 
159.65 1 
159.7 1 
159.75 1 
159.8 1 
159.85 1 
159.9 1 
159.95 1 
160 1 
160.05 1 
160.1 1 
160.15 1 
160.2 1 
160.25 1 
160.3 1 
160.35 1 
160.4 1 
160.45 1 
160.5 1 
160.55 1 
160.6 1 
160.65 1 
160.7 1 
160.75 1 
160.8 1 
160.85 1 
160.9 1 
160.95 1 
161 1 
161.05 1 
161.1 1 
161.15 1 
161.2 1 
161.25 1 
161.3 1 
161.35 1 
161.4 1 
161.45 1 
161.5 1 
161.55 1 
161.6 1 
161.65 1 
161.7 1 
161.75 1 
161.8 1 
161.85 1 
161.9 1 
161.95 1 
162 1 
162.05 1 
162.1 1 
162.15 1 
162.2 1 
162.25 1 
162.3 1 
162.35 1 
162.4 1 
162.45 1 
162.5 1 
162.55 1 
162.6 1 
162.65 1 
162.7 1 
162.75 1 
162.8 1 
162.85 1 
162.9 1 
162.95 1 
163 1 
163.05 1 
163.1 1 
163.15 1 
163.2 1 
163.25 1 
163.3 1 
163.35 1 
163.4 1 
163.45 1 
163.5 1 
163.55 1 
163.6 1 
163.65 1 
163.7 1 
163.75 1 
163.8 1 
163.85 1 
163.9 1 
163.95 1 
164 1 
164.05 1 
164.1 1 
164.15 1 
164.2 1 
164.25 1 
164.3 1 
164.35 1 
164.4 1 
164.45 1 
164.5 1 
164.55 1 
164.6 1 
164.65 1 
164.7 1 
164.75 1 
164.8 1 
164.85 1 
164.9 1 
164.95 1 
165 1 
165.05 1 
165.1 1 
165.15 1 
165.2 1 
165.25 1 
165.3 1 
165.35 1 
165.4 1 
165.45 1 
165.5 1 
165.55 1 
165.6 1 
165.65 1 
165.7 1 
165.75 1 
165.8 1 
165.85 1 
165.9 1 
165.95 1 
166 1 
166.05 1 
166.1 1 
166.15 1 
166.2 1 
166.25 1 
166.3 1 
166.35 1 
166.4 1 
166.45 1 
166.5 1 
166.55 1 
166.6 1 
166.65 1 
166.7 1 
166.75 1 
166.8 1 
166.85 1 
166.9 1 
166.95 1 
167 1 
167.05 1 
167.1 1 
167.15 1 
167.2 1 
167.25 1 
167.3 1 
167.35 1 
167.4 1 
167.45 1 
167.5 1 
167.55 1 
167.6 1 
167.65 1 
167.7 1 
167.75 1 
167.8 1 
167.85 1 
167.9 1 
167.95 1 
168 1 
168.05 1 
168.1 1 
168.15 1 
168.2 1 
168.25 1 
168.3 1 
168.35 1 
168.4 1 
168.45 1 
168.5 1 
168.55 1 
168.6 1 
168.65 1 
168.7 1 
168.75 1 
168.8 1 
168.85 1 
168.9 1 
168.95 1 
169 1 
169.05 1 
169.1 1 
169.15 1 
169.2 1 
169.25 1 
169.3 1 
169.35 1 
169.4 1 
169.45 1 
169.5 1 
169.55 1 
169.6 1 
169.65 1 
169.7 1 
169.75 1 
169.8 1 
169.85 1 
169.9 1 
169.95 1 
170 1 
170.05 1 
170.1 1 
170.15 1 
170.2 1 
170.25 1 
170.3 1 
170.35 1 
170.4 1 
170.45 1 
170.5 1 
170.55 1 
170.6 1 
170.65 1 
170.7 1 
170.75 1 
170.8 1 
170.85 1 
170.9 1 
170.95 1 
171 1 
171.05 1 
171.1 1 
171.15 1 
171.2 1 
171.25 1 
171.3 1 
171.35 1 
171.4 1 
171.45 1 
171.5 1 
171.55 1 
171.6 1 
171.65 1 
171.7 1 
171.75 1 
171.8 1 
171.85 1 
171.9 1 
171.95 1 
172 1 
172.05 1 
172.1 1 
172.15 1 
172.2 1 
172.25 1 
172.3 1 
172.35 1 
172.4 1 
172.45 1 
172.5 1 
172.55 1 
172.6 1 
172.65 1 
172.7 1 
172.75 1 
172.8 1 
172.85 1 
172.9 1 
172.95 1 
173 1 
173.05 1 
173.1 1 
173.15 1 
173.2 1 
173.25 1 
173.3 1 
173.35 1 
173.4 1 
173.45 1 
173.5 1 
173.55 1 
173.6 1 
173.65 1 
173.7 1 
173.75 1 
173.8 1 
173.85 1 
173.9 1 
173.95 1 
174 1 
174.05 1 
174.1 1 
174.15 1 
174.2 1 
174.25 1 
174.3 1 
174.35 1 
174.4 1 
174.45 1 
174.5 1 
174.55 1 
174.6 1 
174.65 1 
174.7 1 
174.75 1 
174.8 1 
174.85 1 
174.9 1 
174.95 1 
175 1 
175.05 1 
175.1 1 
175.15 1 
175.2 1 
175.25 1 
175.3 1 
175.35 1 
175.4 1 
175.45 1 
175.5 1 
175.55 1 
175.6 1 
175.65 1 
175.7 1 
175.75 1 
175.8 1 
175.85 1 
175.9 1 
175.95 1 
176 1 
176.05 1 
176.1 1 
176.15 1 
176.2 1 
176.25 1 
176.3 1 
176.35 1 
176.4 1 
176.45 1 
176.5 1 
176.55 1 
176.6 1 
176.65 1 
176.7 1 
176.75 1 
176.8 1 
176.85 1 
176.9 1 
176.95 1 
177 1 
177.05 1 
177.1 1 
177.15 1 
177.2 1 
177.25 1 
177.3 1 
177.35 1 
177.4 1 
177.45 1 
177.5 1 
177.55 1 
177.6 1 
177.65 1 
177.7 1 
177.75 1 
177.8 1 
177.85 1 
177.9 1 
177.95 1 
178 1 
178.05 1 
178.1 1 
178.15 1 
178.2 1 
178.25 1 
178.3 1 
178.35 1 
178.4 1 
178.45 1 
178.5 1 
178.55 1 
178.6 1 
178.65 1 
178.7 1 
178.75 1 
178.8 1 
178.85 1 
178.9 1 
178.95 1 
179 1 
179.05 1 
179.1 1 
179.15 1 
179.2 1 
179.25 1 
179.3 1 
179.35 1 
179.4 1 
179.45 1 
179.5 1 
179.55 1 
179.6 1 
179.65 1 
179.7 1 
179.75 1 
179.8 1 
179.85 1 
179.9 1 
179.95 1 
180 1 
180.05 1 
180.1 1 
180.15 1 
180.2 1 
180.25 1 
180.3 1 
180.35 1 
180.4 1 
180.45 1 
180.5 1 
180.55 1 
180.6 1 
180.65 1 
180.7 1 
180.75 1 
180.8 1 
180.85 1 
180.9 1 
180.95 1 
181 1 
181.05 1 
181.1 1 
181.15 1 
181.2 1 
181.25 1 
181.3 1 
181.35 1 
181.4 1 
181.45 1 
181.5 1 
181.55 1 
181.6 1 
181.65 1 
181.7 1 
181.75 1 
181.8 1 
181.85 1 
181.9 1 
181.95 1 
182 1 
182.05 1 
182.1 1 
182.15 1 
182.2 1 
182.25 1 
182.3 1 
182.35 1 
182.4 1 
182.45 1 
182.5 1 
182.55 1 
182.6 1 
182.65 1 
182.7 1 
182.75 1 
182.8 1 
182.85 1 
182.9 1 
182.95 1 
183 1 
183.05 1 
183.1 1 
183.15 1 
183.2 1 
183.25 1 
183.3 1 
183.35 1 
183.4 1 
183.45 1 
183.5 1 
183.55 1 
183.6 1 
183.65 1 
183.7 1 
183.75 1 
183.8 1 
183.85 1 
183.9 1 
183.95 1 
184 1 
184.05 1 
184.1 1 
184.15 1 
184.2 1 
184.25 1 
184.3 1 
184.35 1 
184.4 1 
184.45 1 
184.5 1 
184.55 1 
184.6 1 
184.65 1 
184.7 1 
184.75 1 
184.8 1 
184.85 1 
184.9 1 
184.95 1 
185 1 
185.05 1 
185.1 1 
185.15 1 
185.2 1 
185.25 1 
185.3 1 
185.35 1 
185.4 1 
185.45 1 
185.5 1 
185.55 1 
185.6 1 
185.65 1 
185.7 1 
185.75 1 
185.8 1 
185.85 1 
185.9 1 
185.95 1 
186 1 
186.05 1 
186.1 1 
186.15 1 
186.2 1 
186.25 1 
186.3 1 
186.35 1 
186.4 1 
186.45 1 
186.5 1 
186.55 1 
186.6 1 
186.65 1 
186.7 1 
186.75 1 
186.8 1 
186.85 1 
186.9 1 
186.95 1 
187 1 
187.05 1 
187.1 1 
187.15 1 
187.2 1 
187.25 1 
187.3 1 
187.35 1 
187.4 1 
187.45 1 
187.5 1 
187.55 1 
187.6 1 
187.65 1 
187.7 1 
187.75 1 
187.8 1 
187.85 1 
187.9 1 
187.95 1 
188 1 
188.05 1 
188.1 1 
188.15 1 
188.2 1 
188.25 1 
188.3 1 
188.35 1 
188.4 1 
188.45 1 
188.5 1 
188.55 1 
188.6 1 
188.65 1 
188.7 1 
188.75 1 
188.8 1 
188.85 1 
188.9 1 
188.95 1 
189 1 
189.05 1 
189.1 1 
189.15 1 
189.2 1 
189.25 1 
189.3 1 
189.35 1 
189.4 1 
189.45 1 
189.5 1 
189.55 1 
189.6 1 
189.65 1 
189.7 1 
189.75 1 
189.8 1 
189.85 1 
189.9 1 
189.95 1 
190 1 
190.05 1 
190.1 1 
190.15 1 
190.2 1 
190.25 1 
190.3 1 
190.35 1 
190.4 1 
190.45 1 
190.5 1 
190.55 1 
190.6 1 
190.65 1 
190.7 1 
190.75 1 
190.8 1 
190.85 1 
190.9 1 
190.95 1 
191 1 
191.05 1 
191.1 1 
191.15 1 
191.2 1 
191.25 1 
191.3 1 
191.35 1 
191.4 1 
191.45 1 
191.5 1 
191.55 1 
191.6 1 
191.65 1 
191.7 1 
191.75 1 
191.8 1 
191.85 1 
191.9 1 
191.95 1 
192 1 
192.05 1 
192.1 1 
192.15 1 
192.2 1 
192.25 1 
192.3 1 
192.35 1 
192.4 1 
192.45 1 
192.5 1 
192.55 1 
192.6 1 
192.65 1 
192.7 1 
192.75 1 
192.8 1 
192.85 1 
192.9 1 
192.95 1 
193 1 
193.05 1 
193.1 1 
193.15 1 
193.2 1 
193.25 1 
193.3 1 
193.35 1 
193.4 1 
193.45 1 
193.5 1 
193.55 1 
193.6 1 
193.65 1 
193.7 1 
193.75 1 
193.8 1 
193.85 1 
193.9 1 
193.95 1 
194 1 
194.05 1 
194.1 1 
194.15 1 
194.2 1 
194.25 1 
194.3 1 
194.35 1 
194.4 1 
194.45 1 
194.5 1 
194.55 1 
194.6 1 
194.65 1 
194.7 1 
194.75 1 
194.8 1 
194.85 1 
194.9 1 
194.95 1 
195 1 
195.05 1 
195.1 1 
195.15 1 
195.2 1 
195.25 1 
195.3 1 
195.35 1 
195.4 1 
195.45 1 
195.5 1 
195.55 1 
195.6 1 
195.65 1 
195.7 1 
195.75 1 
195.8 1 
195.85 1 
195.9 1 
195.95 1 
196 1 
196.05 1 
196.1 1 
196.15 1 
196.2 1 
196.25 1 
196.3 1 
196.35 1 
196.4 1 
196.45 1 
196.5 1 
196.55 1 
196.6 1 
196.65 1 
196.7 1 
196.75 1 
196.8 1 
196.85 1 
196.9 1 
196.95 1 
197 1 
197.05 1 
197.1 1 
197.15 1 
197.2 1 
197.25 1 
197.3 1 
197.35 1 
197.4 1 
197.45 1 
197.5 1 
197.55 1 
197.6 1 
197.65 1 
197.7 1 
197.75 1 
197.8 1 
197.85 1 
197.9 1 
197.95 1 
198 1 
198.05 1 
198.1 1 
198.15 1 
198.2 1 
198.25 1 
198.3 1 
198.35 1 
198.4 1 
198.45 1 
198.5 1 
198.55 1 
198.6 1 
198.65 1 
198.7 1 
198.75 1 
198.8 1 
198.85 1 
198.9 1 
198.95 1 
199 1 
199.05 1 
199.1 1 
199.15 1 
199.2 1 
199.25 1 
199.3 1 
199.35 1 
199.4 1 
199.45 1 
199.5 1 
199.55 1 
199.6 1 
199.65 1 
199.7 1 
199.75 1 
199.8 1 
199.85 1 
199.9 1 
199.95 1 
200 1 
200.05 1 
200.1 1 
200.15 1 
200.2 1 
200.25 1 
200.3 1 
200.35 1 
200.4 1 
200.45 1 
200.5 1 
200.55 1 
200.6 1 
200.65 1 
200.7 1 
200.75 1 
200.8 1 
200.85 1 
200.9 1 
200.95 1 
201 1 
201.05 1 
201.1 1 
201.15 1 
201.2 1 
201.25 1 
201.3 1 
201.35 1 
201.4 1 
201.45 1 
201.5 1 
201.55 1 
201.6 1 
201.65 1 
201.7 1 
201.75 1 
201.8 1 
201.85 1 
201.9 1 
201.95 1 
202 1 
202.05 1 
202.1 1 
202.15 1 
202.2 1 
202.25 1 
202.3 1 
202.35 1 
202.4 1 
202.45 1 
202.5 1 
202.55 1 
202.6 1 
202.65 1 
202.7 1 
202.75 1 
202.8 1 
202.85 1 
202.9 1 
202.95 1 
203 1 
203.05 1 
203.1 1 
203.15 1 
203.2 1 
203.25 1 
203.3 1 
203.35 1 
203.4 1 
203.45 1 
203.5 1 
203.55 1 
203.6 1 
203.65 1 
203.7 1 
203.75 1 
203.8 1 
203.85 1 
203.9 1 
203.95 1 
204 1 
204.05 1 
204.1 1 
204.15 1 
204.2 1 
204.25 1 
204.3 1 
204.35 1 
204.4 1 
204.45 1 
204.5 1 
204.55 1 
204.6 1 
204.65 1 
204.7 1 
204.75 1 
204.8 1 
204.85 1 
204.9 1 
204.95 1 
205 1 
205.05 1 
205.1 1 
205.15 1 
205.2 1 
205.25 1 
205.3 1 
205.35 1 
205.4 1 
205.45 1 
205.5 1 
205.55 1 
205.6 1 
205.65 1 
205.7 1 
205.75 1 
205.8 1 
205.85 1 
205.9 1 
205.95 1 
206 1 
206.05 1 
206.1 1 
206.15 1 
206.2 1 
206.25 1 
206.3 1 
206.35 1 
206.4 1 
206.45 1 
206.5 1 
206.55 1 
206.6 1 
206.65 1 
206.7 1 
206.75 1 
206.8 1 
206.85 1 
206.9 1 
206.95 1 
207 1 
207.05 1 
207.1 1 
207.15 1 
207.2 1 
207.25 1 
207.3 1 
207.35 1 
207.4 1 
207.45 1 
207.5 1 
207.55 1 
207.6 1 
207.65 1 
207.7 1 
207.75 1 
207.8 1 
207.85 1 
207.9 1 
207.95 1 
208 1 
208.05 1 
208.1 1 
208.15 1 
208.2 1 
208.25 1 
208.3 1 
208.35 1 
208.4 1 
208.45 1 
208.5 1 
208.55 1 
208.6 1 
208.65 1 
208.7 1 
208.75 1 
208.8 1 
208.85 1 
208.9 1 
208.95 1 
209 1 
209.05 1 
209.1 1 
209.15 1 
209.2 1 
209.25 1 
209.3 1 
209.35 1 
209.4 1 
209.45 1 
209.5 1 
209.55 1 
209.6 1 
209.65 1 
209.7 1 
209.75 1 
209.8 1 
209.85 1 
209.9 1 
209.95 1 
210 1 
210.05 1 
210.1 1 
210.15 1 
210.2 1 
210.25 1 
210.3 1 
210.35 1 
210.4 1 
210.45 1 
210.5 1 
210.55 1 
210.6 1 
210.65 1 
210.7 1 
210.75 1 
210.8 1 
210.85 1 
210.9 1 
210.95 1 
211 1 
211.05 1 
211.1 1 
211.15 1 
211.2 1 
211.25 1 
211.3 1 
211.35 1 
211.4 1 
211.45 1 
211.5 1 
211.55 1 
211.6 1 
211.65 1 
211.7 1 
211.75 1 
211.8 1 
211.85 1 
211.9 1 
211.95 1 
212 1 
212.05 1 
212.1 1 
212.15 1 
212.2 1 
212.25 1 
212.3 1 
212.35 1 
212.4 1 
212.45 1 
212.5 1 
212.55 1 
212.6 1 
212.65 1 
212.7 1 
212.75 1 
212.8 1 
212.85 1 
212.9 1 
212.95 1 
213 1 
213.05 1 
213.1 1 
213.15 1 
213.2 1 
213.25 1 
213.3 1 
213.35 1 
213.4 1 
213.45 1 
213.5 1 
213.55 1 
213.6 1 
213.65 1 
213.7 1 
213.75 1 
213.8 1 
213.85 1 
213.9 1 
213.95 1 
214 1 
214.05 1 
214.1 1 
214.15 1 
214.2 1 
214.25 1 
214.3 1 
214.35 1 
214.4 1 
214.45 1 
214.5 1 
214.55 1 
214.6 1 
214.65 1 
214.7 1 
214.75 1 
214.8 1 
214.85 1 
214.9 1 
214.95 1 
215 1 
215.05 1 
215.1 1 
215.15 1 
215.2 1 
215.25 1 
215.3 1 
215.35 1 
215.4 1 
215.45 1 
215.5 1 
215.55 1 
215.6 1 
215.65 1 
215.7 1 
215.75 1 
215.8 1 
215.85 1 
215.9 1 
215.95 1 
216 1 
216.05 1 
216.1 1 
216.15 1 
216.2 1 
216.25 1 
216.3 1 
216.35 1 
216.4 1 
216.45 1 
216.5 1 
216.55 1 
216.6 1 
216.65 1 
216.7 1 
216.75 1 
216.8 1 
216.85 1 
216.9 1 
216.95 1 
217 1 
217.05 1 
217.1 1 
217.15 1 
217.2 1 
217.25 1 
217.3 1 
217.35 1 
217.4 1 
217.45 1 
217.5 1 
217.55 1 
217.6 1 
217.65 1 
217.7 1 
217.75 1 
217.8 1 
217.85 1 
217.9 1 
217.95 1 
218 1 
218.05 1 
218.1 1 
218.15 1 
218.2 1 
218.25 1 
218.3 1 
218.35 1 
218.4 1 
218.45 1 
218.5 1 
218.55 1 
218.6 1 
218.65 1 
218.7 1 
218.75 1 
218.8 1 
218.85 1 
218.9 1 
218.95 1 
219 1 
219.05 1 
219.1 1 
219.15 1 
219.2 1 
219.25 1 
219.3 1 
219.35 1 
219.4 1 
219.45 1 
219.5 1 
219.55 1 
219.6 1 
219.65 1 
219.7 1 
219.75 1 
219.8 1 
219.85 1 
219.9 1 
219.95 1 
220 1 
220.05 1 
220.1 1 
220.15 1 
220.2 1 
220.25 1 
220.3 1 
220.35 1 
220.4 1 
220.45 1 
220.5 1 
220.55 1 
220.6 1 
220.65 1 
220.7 1 
220.75 1 
220.8 1 
220.85 1 
220.9 1 
220.95 1 
221 1 
221.05 1 
221.1 1 
221.15 1 
221.2 1 
221.25 1 
221.3 1 
221.35 1 
221.4 1 
221.45 1 
221.5 1 
221.55 1 
221.6 1 
221.65 1 
221.7 1 
221.75 1 
221.8 1 
221.85 1 
221.9 1 
221.95 1 
222 1 
222.05 1 
222.1 1 
222.15 1 
222.2 1 
222.25 1 
222.3 1 
222.35 1 
222.4 1 
222.45 1 
222.5 1 
222.55 1 
222.6 1 
222.65 1 
222.7 1 
222.75 1 
222.8 1 
222.85 1 
222.9 1 
222.95 1 
223 1 
223.05 1 
223.1 1 
223.15 1 
223.2 1 
223.25 1 
223.3 1 
223.35 1 
223.4 1 
223.45 1 
223.5 1 
223.55 1 
223.6 1 
223.65 1 
223.7 1 
223.75 1 
223.8 1 
223.85 1 
223.9 1 
223.95 1 
224 1 
224.05 1 
224.1 1 
224.15 1 
224.2 1 
224.25 1 
224.3 1 
224.35 1 
224.4 1 
224.45 1 
224.5 1 
224.55 1 
224.6 1 
224.65 1 
224.7 1 
224.75 1 
224.8 1 
224.85 1 
224.9 1 
224.95 1 
225 1 
225.05 1 
225.1 1 
225.15 1 
225.2 1 
225.25 1 
225.3 1 
225.35 1 
225.4 1 
225.45 1 
225.5 1 
225.55 1 
225.6 1 
225.65 1 
225.7 1 
225.75 1 
225.8 1 
225.85 1 
225.9 1 
225.95 1 
226 1 
226.05 1 
226.1 1 
226.15 1 
226.2 1 
226.25 1 
226.3 1 
226.35 1 
226.4 1 
226.45 1 
226.5 1 
226.55 1 
226.6 1 
226.65 1 
226.7 1 
226.75 1 
226.8 1 
226.85 1 
226.9 1 
226.95 1 
227 1 
227.05 1 
227.1 1 
227.15 1 
227.2 1 
227.25 1 
227.3 1 
227.35 1 
227.4 1 
227.45 1 
227.5 1 
227.55 1 
227.6 1 
227.65 1 
227.7 1 
227.75 1 
227.8 1 
227.85 1 
227.9 1 
227.95 1 
228 1 
228.05 1 
228.1 1 
228.15 1 
228.2 1 
228.25 1 
228.3 1 
228.35 1 
228.4 1 
228.45 1 
228.5 1 
228.55 1 
228.6 1 
228.65 1 
228.7 1 
228.75 1 
228.8 1 
228.85 1 
228.9 1 
228.95 1 
229 1 
229.05 1 
229.1 1 
229.15 1 
229.2 1 
229.25 1 
229.3 1 
229.35 1 
229.4 1 
229.45 1 
229.5 1 
229.55 1 
229.6 1 
229.65 1 
229.7 1 
229.75 1 
229.8 1 
229.85 1 
229.9 1 
229.95 1 
230 1 
230.05 1 
230.1 1 
230.15 1 
230.2 1 
230.25 1 
230.3 1 
230.35 1 
230.4 1 
230.45 1 
230.5 1 
230.55 1 
230.6 1 
230.65 1 
230.7 1 
230.75 1 
230.8 1 
230.85 1 
230.9 1 
230.95 1 
231 1 
231.05 1 
231.1 1 
231.15 1 
231.2 1 
231.25 1 
231.3 1 
231.35 1 
231.4 1 
231.45 1 
231.5 1 
231.55 1 
231.6 1 
231.65 1 
231.7 1 
231.75 1 
231.8 1 
231.85 1 
231.9 1 
231.95 1 
232 1 
232.05 1 
232.1 1 
232.15 1 
232.2 1 
232.25 1 
232.3 1 
232.35 1 
232.4 1 
232.45 1 
232.5 1 
232.55 1 
232.6 1 
232.65 1 
232.7 1 
232.75 1 
232.8 1 
232.85 1 
232.9 1 
232.95 1 
233 1 
233.05 1 
233.1 1 
233.15 1 
233.2 1 
233.25 1 
233.3 1 
233.35 1 
233.4 1 
233.45 1 
233.5 1 
233.55 1 
233.6 1 
233.65 1 
233.7 1 
233.75 1 
233.8 1 
233.85 1 
233.9 1 
233.95 1 
234 1 
234.05 1 
234.1 1 
234.15 1 
234.2 1 
234.25 1 
234.3 1 
234.35 1 
234.4 1 
234.45 1 
234.5 1 
234.55 1 
234.6 1 
234.65 1 
234.7 1 
234.75 1 
234.8 1 
234.85 1 
234.9 1 
234.95 1 
235 1 
235.05 1 
235.1 1 
235.15 1 
235.2 1 
235.25 1 
235.3 1 
235.35 1 
235.4 1 
235.45 1 
235.5 1 
235.55 1 
235.6 1 
235.65 1 
235.7 1 
235.75 1 
235.8 1 
235.85 1 
235.9 1 
235.95 1 
236 1 
236.05 1 
236.1 1 
236.15 1 
236.2 1 
236.25 1 
236.3 1 
236.35 1 
236.4 1 
236.45 1 
236.5 1 
236.55 1 
236.6 1 
236.65 1 
236.7 1 
236.75 1 
236.8 1 
236.85 1 
236.9 1 
236.95 1 
237 1 
237.05 1 
237.1 1 
237.15 1 
237.2 1 
237.25 1 
237.3 1 
237.35 1 
237.4 1 
237.45 1 
237.5 1 
237.55 1 
237.6 1 
237.65 1 
237.7 1 
237.75 1 
237.8 1 
237.85 1 
237.9 1 
237.95 1 
238 1 
238.05 1 
238.1 1 
238.15 1 
238.2 1 
238.25 1 
238.3 1 
238.35 1 
238.4 1 
238.45 1 
238.5 1 
238.55 1 
238.6 1 
238.65 1 
238.7 1 
238.75 1 
238.8 1 
238.85 1 
238.9 1 
238.95 1 
239 1 
239.05 1 
239.1 1 
239.15 1 
239.2 1 
239.25 1 
239.3 1 
239.35 1 
239.4 1 
239.45 1 
239.5 1 
239.55 1 
239.6 1 
239.65 1 
239.7 1 
239.75 1 
239.8 1 
239.85 1 
239.9 1 
239.95 1 
240 1 
240.05 1 
240.1 1 
240.15 1 
240.2 1 
240.25 1 
240.3 1 
240.35 1 
240.4 1 
240.45 1 
240.5 1 
240.55 1 
240.6 1 
240.65 1 
240.7 1 
240.75 1 
240.8 1 
240.85 1 
240.9 1 
240.95 1 
241 1 
241.05 1 
241.1 1 
241.15 1 
241.2 1 
241.25 1 
241.3 1 
241.35 1 
241.4 1 
241.45 1 
241.5 1 
241.55 1 
241.6 1 
241.65 1 
241.7 1 
241.75 1 
241.8 1 
241.85 1 
241.9 1 
241.95 1 
242 1 
242.05 1 
242.1 1 
242.15 1 
242.2 1 
242.25 1 
242.3 1 
242.35 1 
242.4 1 
242.45 1 
242.5 1 
242.55 1 
242.6 1 
242.65 1 
242.7 1 
242.75 1 
242.8 1 
242.85 1 
242.9 1 
242.95 1 
243 1 
243.05 1 
243.1 1 
243.15 1 
243.2 1 
243.25 1 
243.3 1 
243.35 1 
243.4 1 
243.45 1 
243.5 1 
243.55 1 
243.6 1 
243.65 1 
243.7 1 
243.75 1 
243.8 1 
243.85 1 
243.9 1 
243.95 1 
244 1 
244.05 1 
244.1 1 
244.15 1 
244.2 1 
244.25 1 
244.3 1 
244.35 1 
244.4 1 
244.45 1 
244.5 1 
244.55 1 
244.6 1 
244.65 1 
244.7 1 
244.75 1 
244.8 1 
244.85 1 
244.9 1 
244.95 1 
245 1 
245.05 1 
245.1 1 
245.15 1 
245.2 1 
245.25 1 
245.3 1 
245.35 1 
245.4 1 
245.45 1 
245.5 1 
245.55 1 
245.6 1 
245.65 1 
245.7 1 
245.75 1 
245.8 1 
245.85 1 
245.9 1 
245.95 1 
246 1 
246.05 1 
246.1 1 
246.15 1 
246.2 1 
246.25 1 
246.3 1 
246.35 1 
246.4 1 
246.45 1 
246.5 1 
246.55 1 
246.6 1 
246.65 1 
246.7 1 
246.75 1 
246.8 1 
246.85 1 
246.9 1 
246.95 1 
247 1 
247.05 1 
247.1 1 
247.15 1 
247.2 1 
247.25 1 
247.3 1 
247.35 1 
247.4 1 
247.45 1 
247.5 1 
247.55 1 
247.6 1 
247.65 1 
247.7 1 
247.75 1 
247.8 1 
247.85 1 
247.9 1 
247.95 1 
248 1 
248.05 1 
248.1 1 
248.15 1 
248.2 1 
248.25 1 
248.3 1 
248.35 1 
248.4 1 
248.45 1 
248.5 1 
248.55 1 
248.6 1 
248.65 1 
248.7 1 
248.75 1 
248.8 1 
248.85 1 
248.9 1 
248.95 1 
249 1 
249.05 1 
249.1 1 
249.15 1 
249.2 1 
249.25 1 
249.3 1 
249.35 1 
249.4 1 
249.45 1 
249.5 1 
249.55 1 
249.6 1 
249.65 1 
249.7 1 
249.75 1 
249.8 1 
249.85 1 
249.9 1 
249.95 1 
250 1 
250.05 1 
250.1 1 
250.15 1 
250.2 1 
250.25 1 
250.3 1 
250.35 1 
250.4 1 
250.45 1 
250.5 1 
250.55 1 
250.6 1 
250.65 1 
250.7 1 
250.75 1 
250.8 1 
250.85 1 
250.9 1 
250.95 1 
251 1 
251.05 1 
251.1 1 
251.15 1 
251.2 1 
251.25 1 
251.3 1 
251.35 1 
251.4 1 
251.45 1 
251.5 1 
251.55 1 
251.6 1 
251.65 1 
251.7 1 
251.75 1 
251.8 1 
251.85 1 
251.9 1 
251.95 1 
252 1 
252.05 1 
252.1 1 
252.15 1 
252.2 1 
252.25 1 
252.3 1 
252.35 1 
252.4 1 
252.45 1 
252.5 1 
252.55 1 
252.6 1 
252.65 1 
252.7 1 
252.75 1 
252.8 1 
252.85 1 
252.9 1 
252.95 1 
253 1 
253.05 1 
253.1 1 
253.15 1 
253.2 1 
253.25 1 
253.3 1 
253.35 1 
253.4 1 
253.45 1 
253.5 1 
253.55 1 
253.6 1 
253.65 1 
253.7 1 
253.75 1 
253.8 1 
253.85 1 
253.9 1 
253.95 1 
254 1 
254.05 1 
254.1 1 
254.15 1 
254.2 1 
254.25 1 
254.3 1 
254.35 1 
254.4 1 
254.45 1 
254.5 1 
254.55 1 
254.6 1 
254.65 1 
254.7 1 
254.75 1 
254.8 1 
254.85 1 
254.9 1 
254.95 1 
255 1 
255.05 1 
255.1 1 
255.15 1 
255.2 1 
255.25 1 
255.3 1 
255.35 1 
255.4 1 
255.45 1 
255.5 1 
255.55 1 
255.6 1 
255.65 1 
255.7 1 
255.75 1 
255.8 1 
255.85 1 
255.9 1 
255.95 1 
256 1 
256.05 1 
256.1 1 
256.15 1 
256.2 1 
256.25 1 
256.3 1 
256.35 1 
256.4 1 
256.45 1 
256.5 1 
256.55 1 
256.6 1 
256.65 1 
256.7 1 
256.75 1 
256.8 1 
256.85 1 
256.9 1 
256.95 1 
257 1 
257.05 1 
257.1 1 
257.15 1 
257.2 1 
257.25 1 
257.3 1 
257.35 1 
257.4 1 
257.45 1 
257.5 1 
257.55 1 
257.6 1 
257.65 1 
257.7 1 
257.75 1 
257.8 1 
257.85 1 
257.9 1 
257.95 1 
258 1 
258.05 1 
258.1 1 
258.15 1 
258.2 1 
258.25 1 
258.3 1 
258.35 1 
258.4 1 
258.45 1 
258.5 1 
258.55 1 
258.6 1 
258.65 1 
258.7 1 
258.75 1 
258.8 1 
258.85 1 
258.9 1 
258.95 1 
259 1 
259.05 1 
259.1 1 
259.15 1 
259.2 1 
259.25 1 
259.3 1 
259.35 1 
259.4 1 
259.45 1 
259.5 1 
259.55 1 
259.6 1 
259.65 1 
259.7 1 
259.75 1 
259.8 1 
259.85 1 
259.9 1 
259.95 1 
260 1 
260.05 1 
260.1 1 
260.15 1 
260.2 1 
260.25 1 
260.3 1 
260.35 1 
260.4 1 
260.45 1 
260.5 1 
260.55 1 
260.6 1 
260.65 1 
260.7 1 
260.75 1 
260.8 1 
260.85 1 
260.9 1 
260.95 1 
261 1 
261.05 1 
261.1 1 
261.15 1 
261.2 1 
261.25 1 
261.3 1 
261.35 1 
261.4 1 
261.45 1 
261.5 1 
261.55 1 
261.6 1 
261.65 1 
261.7 1 
261.75 1 
261.8 1 
261.85 1 
261.9 1 
261.95 1 
262 1 
262.05 1 
262.1 1 
262.15 1 
262.2 1 
262.25 1 
262.3 1 
262.35 1 
262.4 1 
262.45 1 
262.5 1 
262.55 1 
262.6 1 
262.65 1 
262.7 1 
262.75 1 
262.8 1 
262.85 1 
262.9 1 
262.95 1 
263 1 
263.05 1 
263.1 1 
263.15 1 
263.2 1 
263.25 1 
263.3 1 
263.35 1 
263.4 1 
263.45 1 
263.5 1 
263.55 1 
263.6 1 
263.65 1 
263.7 1 
263.75 1 
263.8 1 
263.85 1 
263.9 1 
263.95 1 
264 1 
264.05 1 
264.1 1 
264.15 1 
264.2 1 
264.25 1 
264.3 1 
264.35 1 
264.4 1 
264.45 1 
264.5 1 
264.55 1 
264.6 1 
264.65 1 
264.7 1 
264.75 1 
264.8 1 
264.85 1 
264.9 1 
264.95 1 
265 1 
265.05 1 
265.1 1 
265.15 1 
265.2 1 
265.25 1 
265.3 1 
265.35 1 
265.4 1 
265.45 1 
265.5 1 
265.55 1 
265.6 1 
265.65 1 
265.7 1 
265.75 1 
265.8 1 
265.85 1 
265.9 1 
265.95 1 
266 1 
266.05 1 
266.1 1 
266.15 1 
266.2 1 
266.25 1 
266.3 1 
266.35 1 
266.4 1 
266.45 1 
266.5 1 
266.55 1 
266.6 1 
266.65 1 
266.7 1 
266.75 1 
266.8 1 
266.85 1 
266.9 1 
266.95 1 
267 1 
267.05 1 
267.1 1 
267.15 1 
267.2 1 
267.25 1 
267.3 1 
267.35 1 
267.4 1 
267.45 1 
267.5 1 
267.55 1 
267.6 1 
267.65 1 
267.7 1 
267.75 1 
267.8 1 
267.85 1 
267.9 1 
267.95 1 
268 1 
268.05 1 
268.1 1 
268.15 1 
268.2 1 
268.25 1 
268.3 1 
268.35 1 
268.4 1 
268.45 1 
268.5 1 
268.55 1 
268.6 1 
268.65 1 
268.7 1 
268.75 1 
268.8 1 
268.85 1 
268.9 1 
268.95 1 
269 1 
269.05 1 
269.1 1 
269.15 1 
269.2 1 
269.25 1 
269.3 1 
269.35 1 
269.4 1 
269.45 1 
269.5 1 
269.55 1 
269.6 1 
269.65 1 
269.7 1 
269.75 1 
269.8 1 
269.85 1 
269.9 1 
269.95 1 
270 1 
270.05 1 
270.1 1 
270.15 1 
270.2 1 
270.25 1 
270.3 1 
270.35 1 
270.4 1 
270.45 1 
270.5 1 
270.55 1 
270.6 1 
270.65 1 
270.7 1 
270.75 1 
270.8 1 
270.85 1 
270.9 1 
270.95 1 
271 1 
271.05 1 
271.1 1 
271.15 1 
271.2 1 
271.25 1 
271.3 1 
271.35 1 
271.4 1 
271.45 1 
271.5 1 
271.55 1 
271.6 1 
271.65 1 
271.7 1 
271.75 1 
271.8 1 
271.85 1 
271.9 1 
271.95 1 
272 1 
272.05 1 
272.1 1 
272.15 1 
272.2 1 
272.25 1 
272.3 1 
272.35 1 
272.4 1 
272.45 1 
272.5 1 
272.55 1 
272.6 1 
272.65 1 
272.7 1 
272.75 1 
272.8 1 
272.85 1 
272.9 1 
272.95 1 
273 1 
273.05 1 
273.1 1 
273.15 1 
273.2 1 
273.25 1 
273.3 1 
273.35 1 
273.4 1 
273.45 1 
273.5 1 
273.55 1 
273.6 1 
273.65 1 
273.7 1 
273.75 1 
273.8 1 
273.85 1 
273.9 1 
273.95 1 
274 1 
274.05 1 
274.1 1 
274.15 1 
274.2 1 
274.25 1 
274.3 1 
274.35 1 
274.4 1 
274.45 1 
274.5 1 
274.55 1 
274.6 1 
274.65 1 
274.7 1 
274.75 1 
274.8 1 
274.85 1 
274.9 1 
274.95 1 
275 1 
275.05 1 
275.1 1 
275.15 1 
275.2 1 
275.25 1 
275.3 1 
275.35 1 
275.4 1 
275.45 1 
275.5 1 
275.55 1 
275.6 1 
275.65 1 
275.7 1 
275.75 1 
275.8 1 
275.85 1 
275.9 1 
275.95 1 
276 1 
276.05 1 
276.1 1 
276.15 1 
276.2 1 
276.25 1 
276.3 1 
276.35 1 
276.4 1 
276.45 1 
276.5 1 
276.55 1 
276.6 1 
276.65 1 
276.7 1 
276.75 1 
276.8 1 
276.85 1 
276.9 1 
276.95 1 
277 1 
277.05 1 
277.1 1 
277.15 1 
277.2 1 
277.25 1 
277.3 1 
277.35 1 
277.4 1 
277.45 1 
277.5 1 
277.55 1 
277.6 1 
277.65 1 
277.7 1 
277.75 1 
277.8 1 
277.85 1 
277.9 1 
277.95 1 
278 1 
278.05 1 
278.1 1 
278.15 1 
278.2 1 
278.25 1 
278.3 1 
278.35 1 
278.4 1 
278.45 1 
278.5 1 
278.55 1 
278.6 1 
278.65 1 
278.7 1 
278.75 1 
278.8 1 
278.85 1 
278.9 1 
278.95 1 
279 1 
279.05 1 
279.1 1 
279.15 1 
279.2 1 
279.25 1 
279.3 1 
279.35 1 
279.4 1 
279.45 1 
279.5 1 
279.55 1 
279.6 1 
279.65 1 
279.7 1 
279.75 1 
279.8 1 
279.85 1 
279.9 1 
279.95 1 
280 1 
280.05 1 
280.1 1 
280.15 1 
280.2 1 
280.25 1 
280.3 1 
280.35 1 
280.4 1 
280.45 1 
280.5 1 
280.55 1 
280.6 1 
280.65 1 
280.7 1 
280.75 1 
280.8 1 
280.85 1 
280.9 1 
280.95 1 
281 1 
281.05 1 
281.1 1 
281.15 1 
281.2 1 
281.25 1 
281.3 1 
281.35 1 
281.4 1 
281.45 1 
281.5 1 
281.55 1 
281.6 1 
281.65 1 
281.7 1 
281.75 1 
281.8 1 
281.85 1 
281.9 1 
281.95 1 
282 1 
282.05 1 
282.1 1 
282.15 1 
282.2 1 
282.25 1 
282.3 1 
282.35 1 
282.4 1 
282.45 1 
282.5 1 
282.55 1 
282.6 1 
282.65 1 
282.7 1 
282.75 1 
282.8 1 
282.85 1 
282.9 1 
282.95 1 
283 1 
283.05 1 
283.1 1 
283.15 1 
283.2 1 
283.25 1 
283.3 1 
283.35 1 
283.4 1 
283.45 1 
283.5 1 
283.55 1 
283.6 1 
283.65 1 
283.7 1 
283.75 1 
283.8 1 
283.85 1 
283.9 1 
283.95 1 
284 1 
284.05 1 
284.1 1 
284.15 1 
284.2 1 
284.25 1 
284.3 1 
284.35 1 
284.4 1 
284.45 1 
284.5 1 
284.55 1 
284.6 1 
284.65 1 
284.7 1 
284.75 1 
284.8 1 
284.85 1 
284.9 1 
284.95 1 
285 1 
285.05 1 
285.1 1 
285.15 1 
285.2 1 
285.25 1 
285.3 1 
285.35 1 
285.4 1 
285.45 1 
285.5 1 
285.55 1 
285.6 1 
285.65 1 
285.7 1 
285.75 1 
285.8 1 
285.85 1 
285.9 1 
285.95 1 
286 1 
286.05 1 
286.1 1 
286.15 1 
286.2 1 
286.25 1 
286.3 1 
286.35 1 
286.4 1 
286.45 1 
286.5 1 
286.55 1 
286.6 1 
286.65 1 
286.7 1 
286.75 1 
286.8 1 
286.85 1 
286.9 1 
286.95 1 
287 1 
287.05 1 
287.1 1 
287.15 1 
287.2 1 
287.25 1 
287.3 1 
287.35 1 
287.4 1 
287.45 1 
287.5 1 
287.55 1 
287.6 1 
287.65 1 
287.7 1 
287.75 1 
287.8 1 
287.85 1 
287.9 1 
287.95 1 
288 1 
288.05 1 
288.1 1 
288.15 1 
288.2 1 
288.25 1 
288.3 1 
288.35 1 
288.4 1 
288.45 1 
288.5 1 
288.55 1 
288.6 1 
288.65 1 
288.7 1 
288.75 1 
288.8 1 
288.85 1 
288.9 1 
288.95 1 
289 1 
289.05 1 
289.1 1 
289.15 1 
289.2 1 
289.25 1 
289.3 1 
289.35 1 
289.4 1 
289.45 1 
289.5 1 
289.55 1 
289.6 1 
289.65 1 
289.7 1 
289.75 1 
289.8 1 
289.85 1 
289.9 1 
289.95 1 
290 1 
290.05 1 
290.1 1 
290.15 1 
290.2 1 
290.25 1 
290.3 1 
290.35 1 
290.4 1 
290.45 1 
290.5 1 
290.55 1 
290.6 1 
290.65 1 
290.7 1 
290.75 1 
290.8 1 
290.85 1 
290.9 1 
290.95 1 
291 1 
291.05 1 
291.1 1 
291.15 1 
291.2 1 
291.25 1 
291.3 1 
291.35 1 
291.4 1 
291.45 1 
291.5 1 
291.55 1 
291.6 1 
291.65 1 
291.7 1 
291.75 1 
291.8 1 
291.85 1 
291.9 1 
291.95 1 
292 1 
292.05 1 
292.1 1 
292.15 1 
292.2 1 
292.25 1 
292.3 1 
292.35 1 
292.4 1 
292.45 1 
292.5 1 
292.55 1 
292.6 1 
292.65 1 
292.7 1 
292.75 1 
292.8 1 
292.85 1 
292.9 1 
292.95 1 
293 1 
293.05 1 
293.1 1 
293.15 1 
293.2 1 
293.25 1 
293.3 1 
293.35 1 
293.4 1 
293.45 1 
293.5 1 
293.55 1 
293.6 1 
293.65 1 
293.7 1 
293.75 1 
293.8 1 
293.85 1 
293.9 1 
293.95 1 
294 1 
294.05 1 
294.1 1 
294.15 1 
294.2 1 
294.25 1 
294.3 1 
294.35 1 
294.4 1 
294.45 1 
294.5 1 
294.55 1 
294.6 1 
294.65 1 
294.7 1 
294.75 1 
294.8 1 
294.85 1 
294.9 1 
294.95 1 
295 1 
295.05 1 
295.1 1 
295.15 1 
295.2 1 
295.25 1 
295.3 1 
295.35 1 
295.4 1 
295.45 1 
295.5 1 
295.55 1 
295.6 1 
295.65 1 
295.7 1 
295.75 1 
295.8 1 
295.85 1 
295.9 1 
295.95 1 
296 1 
296.05 1 
296.1 1 
296.15 1 
296.2 1 
296.25 1 
296.3 1 
296.35 1 
296.4 1 
296.45 1 
296.5 1 
296.55 1 
296.6 1 
296.65 1 
296.7 1 
296.75 1 
296.8 1 
296.85 1 
296.9 1 
296.95 1 
297 1 
297.05 1 
297.1 1 
297.15 1 
297.2 1 
297.25 1 
297.3 1 
297.35 1 
297.4 1 
297.45 1 
297.5 1 
297.55 1 
297.6 1 
297.65 1 
297.7 1 
297.75 1 
297.8 1 
297.85 1 
297.9 1 
297.95 1 
298 1 
298.05 1 
298.1 1 
298.15 1 
298.2 1 
298.25 1 
298.3 1 
298.35 1 
298.4 1 
298.45 1 
298.5 1 
298.55 1 
298.6 1 
298.65 1 
298.7 1 
298.75 1 
298.8 1 
298.85 1 
298.9 1 
298.95 1 
299 1 
299.05 1 
299.1 1 
299.15 1 
299.2 1 
299.25 1 
299.3 1 
299.35 1 
299.4 1 
299.45 1 
299.5 1 
299.55 1 
299.6 1 
299.65 1 
299.7 1 
299.75 1 
299.8 1 
299.85 1 
299.9 1 
299.95 1 
300 1 
300.05 1 
300.1 1 
300.15 1 
300.2 1 
300.25 1 
300.3 1 
300.35 1 
300.4 1 
300.45 1 
300.5 1 
300.55 1 
300.6 1 
300.65 1 
300.7 1 
300.75 1 
300.8 1 
300.85 1 
300.9 1 
300.95 1 
301 1 
301.05 1 
301.1 1 
301.15 1 
301.2 1 
301.25 1 
301.3 1 
301.35 1 
301.4 1 
301.45 1 
301.5 1 
301.55 1 
301.6 1 
301.65 1 
301.7 1 
301.75 1 
301.8 1 
301.85 1 
301.9 1 
301.95 1 
302 1 
302.05 1 
302.1 1 
302.15 1 
302.2 1 
302.25 1 
302.3 1 
302.35 1 
302.4 1 
302.45 1 
302.5 1 
302.55 1 
302.6 1 
302.65 1 
302.7 1 
302.75 1 
302.8 1 
302.85 1 
302.9 1 
302.95 1 
303 1 
303.05 1 
303.1 1 
303.15 1 
303.2 1 
303.25 1 
303.3 1 
303.35 1 
303.4 1 
303.45 1 
303.5 1 
303.55 1 
303.6 1 
303.65 1 
303.7 1 
303.75 1 
303.8 1 
303.85 1 
303.9 1 
303.95 1 
304 1 
304.05 1 
304.1 1 
304.15 1 
304.2 1 
304.25 1 
304.3 1 
304.35 1 
304.4 1 
304.45 1 
304.5 1 
304.55 1 
304.6 1 
304.65 1 
304.7 1 
304.75 1 
304.8 1 
304.85 1 
304.9 1 
304.95 1 
305 1 
305.05 1 
305.1 1 
305.15 1 
305.2 1 
305.25 1 
305.3 1 
305.35 1 
305.4 1 
305.45 1 
305.5 1 
305.55 1 
305.6 1 
305.65 1 
305.7 1 
305.75 1 
305.8 1 
305.85 1 
305.9 1 
305.95 1 
306 1 
306.05 1 
306.1 1 
306.15 1 
306.2 1 
306.25 1 
306.3 1 
306.35 1 
306.4 1 
306.45 1 
306.5 1 
306.55 1 
306.6 1 
306.65 1 
306.7 1 
306.75 1 
306.8 1 
306.85 1 
306.9 1 
306.95 1 
307 1 
307.05 1 
307.1 1 
307.15 1 
307.2 1 
307.25 1 
307.3 1 
307.35 1 
307.4 1 
307.45 1 
307.5 1 
307.55 1 
307.6 1 
307.65 1 
307.7 1 
307.75 1 
307.8 1 
307.85 1 
307.9 1 
307.95 1 
308 1 
308.05 1 
308.1 1 
308.15 1 
308.2 1 
308.25 1 
308.3 1 
308.35 1 
308.4 1 
308.45 1 
308.5 1 
308.55 1 
308.6 1 
308.65 1 
308.7 1 
308.75 1 
308.8 1 
308.85 1 
308.9 1 
308.95 1 
309 1 
309.05 1 
309.1 1 
309.15 1 
309.2 1 
309.25 1 
309.3 1 
309.35 1 
309.4 1 
309.45 1 
309.5 1 
309.55 1 
309.6 1 
309.65 1 
309.7 1 
309.75 1 
309.8 1 
309.85 1 
309.9 1 
309.95 1 
310 1 
310.05 1 
310.1 1 
310.15 1 
310.2 1 
310.25 1 
310.3 1 
310.35 1 
310.4 1 
310.45 1 
310.5 1 
310.55 1 
310.6 1 
310.65 1 
310.7 1 
310.75 1 
310.8 1 
310.85 1 
310.9 1 
310.95 1 
311 1 
311.05 1 
311.1 1 
311.15 1 
311.2 1 
311.25 1 
311.3 1 
311.35 1 
311.4 1 
311.45 1 
311.5 1 
311.55 1 
311.6 1 
311.65 1 
311.7 1 
311.75 1 
311.8 1 
311.85 1 
311.9 1 
311.95 1 
312 1 
312.05 1 
312.1 1 
312.15 1 
312.2 1 
312.25 1 
312.3 1 
312.35 1 
312.4 1 
312.45 1 
312.5 1 
312.55 1 
312.6 1 
312.65 1 
312.7 1 
312.75 1 
312.8 1 
312.85 1 
312.9 1 
312.95 1 
313 1 
313.05 1 
313.1 1 
313.15 1 
313.2 1 
313.25 1 
313.3 1 
313.35 1 
313.4 1 
313.45 1 
313.5 1 
313.55 1 
313.6 1 
313.65 1 
313.7 1 
313.75 1 
313.8 1 
313.85 1 
313.9 1 
313.95 1 
314 1 
314.05 1 
314.1 1 
314.15 1 
314.2 1 
314.25 1 
314.3 1 
314.35 1 
314.4 1 
314.45 1 
314.5 1 
314.55 1 
314.6 1 
314.65 1 
314.7 1 
314.75 1 
314.8 1 
314.85 1 
314.9 1 
314.95 1 
315 1 
315.05 1 
315.1 1 
315.15 1 
315.2 1 
315.25 1 
315.3 1 
315.35 1 
315.4 1 
315.45 1 
315.5 1 
315.55 1 
315.6 1 
315.65 1 
315.7 1 
315.75 1 
315.8 1 
315.85 1 
315.9 1 
315.95 1 
316 1 
316.05 1 
316.1 1 
316.15 1 
316.2 1 
316.25 1 
316.3 1 
316.35 1 
316.4 1 
316.45 1 
316.5 1 
316.55 1 
316.6 1 
316.65 1 
316.7 1 
316.75 1 
316.8 1 
316.85 1 
316.9 1 
316.95 1 
317 1 
317.05 1 
317.1 1 
317.15 1 
317.2 1 
317.25 1 
317.3 1 
317.35 1 
317.4 1 
317.45 1 
317.5 1 
317.55 1 
317.6 1 
317.65 1 
317.7 1 
317.75 1 
317.8 1 
317.85 1 
317.9 1 
317.95 1 
318 1 
318.05 1 
318.1 1 
318.15 1 
318.2 1 
318.25 1 
318.3 1 
318.35 1 
318.4 1 
318.45 1 
318.5 1 
318.55 1 
318.6 1 
318.65 1 
318.7 1 
318.75 1 
318.8 1 
318.85 1 
318.9 1 
318.95 1 
319 1 
319.05 1 
319.1 1 
319.15 1 
319.2 1 
319.25 1 
319.3 1 
319.35 1 
319.4 1 
319.45 1 
319.5 1 
319.55 1 
319.6 1 
319.65 1 
319.7 1 
319.75 1 
319.8 1 
319.85 1 
319.9 1 
319.95 1 
320 1 
320.05 1 
320.1 1 
320.15 1 
320.2 1 
320.25 1 
320.3 1 
320.35 1 
320.4 1 
320.45 1 
320.5 1 
320.55 1 
320.6 1 
320.65 1 
320.7 1 
320.75 1 
320.8 1 
320.85 1 
320.9 1 
320.95 1 
321 1 
321.05 1 
321.1 1 
321.15 1 
321.2 1 
321.25 1 
321.3 1 
321.35 1 
321.4 1 
321.45 1 
321.5 1 
321.55 1 
321.6 1 
321.65 1 
321.7 1 
321.75 1 
321.8 1 
321.85 1 
321.9 1 
321.95 1 
322 1 
322.05 1 
322.1 1 
322.15 1 
322.2 1 
322.25 1 
322.3 1 
322.35 1 
322.4 1 
322.45 1 
322.5 1 
322.55 1 
322.6 1 
322.65 1 
322.7 1 
322.75 1 
322.8 1 
322.85 1 
322.9 1 
322.95 1 
323 1 
323.05 1 
323.1 1 
323.15 1 
323.2 1 
323.25 1 
323.3 1 
323.35 1 
323.4 1 
323.45 1 
323.5 1 
323.55 1 
323.6 1 
323.65 1 
323.7 1 
323.75 1 
323.8 1 
323.85 1 
323.9 1 
323.95 1 
324 1 
324.05 1 
324.1 1 
324.15 1 
324.2 1 
324.25 1 
324.3 1 
324.35 1 
324.4 1 
324.45 1 
324.5 1 
324.55 1 
324.6 1 
324.65 1 
324.7 1 
324.75 1 
324.8 1 
324.85 1 
324.9 1 
324.95 1 
325 1 
325.05 1 
325.1 1 
325.15 1 
325.2 1 
325.25 1 
325.3 1 
325.35 1 
325.4 1 
325.45 1 
325.5 1 
325.55 1 
325.6 1 
325.65 1 
325.7 1 
325.75 1 
325.8 1 
325.85 1 
325.9 1 
325.95 1 
326 1 
326.05 1 
326.1 1 
326.15 1 
326.2 1 
326.25 1 
326.3 1 
326.35 1 
326.4 1 
326.45 1 
326.5 1 
326.55 1 
326.6 1 
326.65 1 
326.7 1 
326.75 1 
326.8 1 
326.85 1 
326.9 1 
326.95 1 
327 1 
327.05 1 
327.1 1 
327.15 1 
327.2 1 
327.25 1 
327.3 1 
327.35 1 
327.4 1 
327.45 1 
327.5 1 
327.55 1 
327.6 1 
327.65 1 
327.7 1 
327.75 1 
327.8 1 
327.85 1 
327.9 1 
327.95 1 
328 1 
328.05 1 
328.1 1 
328.15 1 
328.2 1 
328.25 1 
328.3 1 
328.35 1 
328.4 1 
328.45 1 
328.5 1 
328.55 1 
328.6 1 
328.65 1 
328.7 1 
328.75 1 
328.8 1 
328.85 1 
328.9 1 
328.95 1 
329 1 
329.05 1 
329.1 1 
329.15 1 
329.2 1 
329.25 1 
329.3 1 
329.35 1 
329.4 1 
329.45 1 
329.5 1 
329.55 1 
329.6 1 
329.65 1 
329.7 1 
329.75 1 
329.8 1 
329.85 1 
329.9 1 
329.95 1 
330 1 
330.05 1 
330.1 1 
330.15 1 
330.2 1 
330.25 1 
330.3 1 
330.35 1 
330.4 1 
330.45 1 
330.5 1 
330.55 1 
330.6 1 
330.65 1 
330.7 1 
330.75 1 
330.8 1 
330.85 1 
330.9 1 
330.95 1 
331 1 
331.05 1 
331.1 1 
331.15 1 
331.2 1 
331.25 1 
331.3 1 
331.35 1 
331.4 1 
331.45 1 
331.5 1 
331.55 1 
331.6 1 
331.65 1 
331.7 1 
331.75 1 
331.8 1 
331.85 1 
331.9 1 
331.95 1 
332 1 
332.05 1 
332.1 1 
332.15 1 
332.2 1 
332.25 1 
332.3 1 
332.35 1 
332.4 1 
332.45 1 
332.5 1 
332.55 1 
332.6 1 
332.65 1 
332.7 1 
332.75 1 
332.8 1 
332.85 1 
332.9 1 
332.95 1 
333 1 
333.05 1 
333.1 1 
333.15 1 
333.2 1 
333.25 1 
333.3 1 
333.35 1 
333.4 1 
333.45 1 
333.5 1 
333.55 1 
333.6 1 
333.65 1 
333.7 1 
333.75 1 
333.8 1 
333.85 1 
333.9 1 
333.95 1 
334 1 
334.05 1 
334.1 1 
334.15 1 
334.2 1 
334.25 1 
334.3 1 
334.35 1 
334.4 1 
334.45 1 
334.5 1 
334.55 1 
334.6 1 
334.65 1 
334.7 1 
334.75 1 
334.8 1 
334.85 1 
334.9 1 
334.95 1 
335 1 
335.05 1 
335.1 1 
335.15 1 
335.2 1 
335.25 1 
335.3 1 
335.35 1 
335.4 1 
335.45 1 
335.5 1 
335.55 1 
335.6 1 
335.65 1 
335.7 1 
335.75 1 
335.8 1 
335.85 1 
335.9 1 
335.95 1 
336 1 
336.05 1 
336.1 1 
336.15 1 
336.2 1 
336.25 1 
336.3 1 
336.35 1 
336.4 1 
336.45 1 
336.5 1 
336.55 1 
336.6 1 
336.65 1 
336.7 1 
336.75 1 
336.8 1 
336.85 1 
336.9 1 
336.95 1 
337 1 
337.05 1 
337.1 1 
337.15 1 
337.2 1 
337.25 1 
337.3 1 
337.35 1 
337.4 1 
337.45 1 
337.5 1 
337.55 1 
337.6 1 
337.65 1 
337.7 1 
337.75 1 
337.8 1 
337.85 1 
337.9 1 
337.95 1 
338 1 
338.05 1 
338.1 1 
338.15 1 
338.2 1 
338.25 1 
338.3 1 
338.35 1 
338.4 1 
338.45 1 
338.5 1 
338.55 1 
338.6 1 
338.65 1 
338.7 1 
338.75 1 
338.8 1 
338.85 1 
338.9 1 
338.95 1 
339 1 
339.05 1 
339.1 1 
339.15 1 
339.2 1 
339.25 1 
339.3 1 
339.35 1 
339.4 1 
339.45 1 
339.5 1 
339.55 1 
339.6 1 
339.65 1 
339.7 1 
339.75 1 
339.8 1 
339.85 1 
339.9 1 
339.95 1 
340 1 
340.05 1 
340.1 1 
340.15 1 
340.2 1 
340.25 1 
340.3 1 
340.35 1 
340.4 1 
340.45 1 
340.5 1 
340.55 1 
340.6 1 
340.65 1 
340.7 1 
340.75 1 
340.8 1 
340.85 1 
340.9 1 
340.95 1 
341 1 
341.05 1 
341.1 1 
341.15 1 
341.2 1 
341.25 1 
341.3 1 
341.35 1 
341.4 1 
341.45 1 
341.5 1 
341.55 1 
341.6 1 
341.65 1 
341.7 1 
341.75 1 
341.8 1 
341.85 1 
341.9 1 
341.95 1 
342 1 
342.05 1 
342.1 1 
342.15 1 
342.2 1 
342.25 1 
342.3 1 
342.35 1 
342.4 1 
342.45 1 
342.5 1 
342.55 1 
342.6 1 
342.65 1 
342.7 1 
342.75 1 
342.8 1 
342.85 1 
342.9 1 
342.95 1 
343 1 
343.05 1 
343.1 1 
343.15 1 
343.2 1 
343.25 1 
343.3 1 
343.35 1 
343.4 1 
343.45 1 
343.5 1 
343.55 1 
343.6 1 
343.65 1 
343.7 1 
343.75 1 
343.8 1 
343.85 1 
343.9 1 
343.95 1 
344 1 
344.05 1 
344.1 1 
344.15 1 
344.2 1 
344.25 1 
344.3 1 
344.35 1 
344.4 1 
344.45 1 
344.5 1 
344.55 1 
344.6 1 
344.65 1 
344.7 1 
344.75 1 
344.8 1 
344.85 1 
344.9 1 
344.95 1 
345 1 
345.05 1 
345.1 1 
345.15 1 
345.2 1 
345.25 1 
345.3 1 
345.35 1 
345.4 1 
345.45 1 
345.5 1 
345.55 1 
345.6 1 
345.65 1 
345.7 1 
345.75 1 
345.8 1 
345.85 1 
345.9 1 
345.95 1 
346 1 
346.05 1 
346.1 1 
346.15 1 
346.2 1 
346.25 1 
346.3 1 
346.35 1 
346.4 1 
346.45 1 
346.5 1 
346.55 1 
346.6 1 
346.65 1 
346.7 1 
346.75 1 
346.8 1 
346.85 1 
346.9 1 
346.95 1 
347 1 
347.05 1 
347.1 1 
347.15 1 
347.2 1 
347.25 1 
347.3 1 
347.35 1 
347.4 1 
347.45 1 
347.5 1 
347.55 1 
347.6 1 
347.65 1 
347.7 1 
347.75 1 
347.8 1 
347.85 1 
347.9 1 
347.95 1 
348 1 
348.05 1 
348.1 1 
348.15 1 
348.2 1 
348.25 1 
348.3 1 
348.35 1 
348.4 1 
348.45 1 
348.5 1 
348.55 1 
348.6 1 
348.65 1 
348.7 1 
348.75 1 
348.8 1 
348.85 1 
348.9 1 
348.95 1 
349 1 
349.05 1 
349.1 1 
349.15 1 
349.2 1 
349.25 1 
349.3 1 
349.35 1 
349.4 1 
349.45 1 
349.5 1 
349.55 1 
349.6 1 
349.65 1 
349.7 1 
349.75 1 
349.8 1 
349.85 1 
349.9 1 
349.95 1 
350 1 
350.05 1 
350.1 1 
350.15 1 
350.2 1 
350.25 1 
350.3 1 
350.35 1 
350.4 1 
350.45 1 
350.5 1 
350.55 1 
350.6 1 
350.65 1 
350.7 1 
350.75 1 
350.8 1 
350.85 1 
350.9 1 
350.95 1 
351 1 
351.05 1 
351.1 1 
351.15 1 
351.2 1 
351.25 1 
351.3 1 
351.35 1 
351.4 1 
351.45 1 
351.5 1 
351.55 1 
351.6 1 
351.65 1 
351.7 1 
351.75 1 
351.8 1 
351.85 1 
351.9 1 
351.95 1 
352 1 
352.05 1 
352.1 1 
352.15 1 
352.2 1 
352.25 1 
352.3 1 
352.35 1 
352.4 1 
352.45 1 
352.5 1 
352.55 1 
352.6 1 
352.65 1 
352.7 1 
352.75 1 
352.8 1 
352.85 1 
352.9 1 
352.95 1 
353 1 
353.05 1 
353.1 1 
353.15 1 
353.2 1 
353.25 1 
353.3 1 
353.35 1 
353.4 1 
353.45 1 
353.5 1 
353.55 1 
353.6 1 
353.65 1 
353.7 1 
353.75 1 
353.8 1 
353.85 1 
353.9 1 
353.95 1 
354 1 
354.05 1 
354.1 1 
354.15 1 
354.2 1 
354.25 1 
354.3 1 
354.35 1 
354.4 1 
354.45 1 
354.5 1 
354.55 1 
354.6 1 
354.65 1 
354.7 1 
354.75 1 
354.8 1 
354.85 1 
354.9 1 
354.95 1 
355 1 
355.05 1 
355.1 1 
355.15 1 
355.2 1 
355.25 1 
355.3 1 
355.35 1 
355.4 1 
355.45 1 
355.5 1 
355.55 1 
355.6 1 
355.65 1 
355.7 1 
355.75 1 
355.8 1 
355.85 1 
355.9 1 
355.95 1 
356 1 
356.05 1 
356.1 1 
356.15 1 
356.2 1 
356.25 1 
356.3 1 
356.35 1 
356.4 1 
356.45 1 
356.5 1 
356.55 1 
356.6 1 
356.65 1 
356.7 1 
356.75 1 
356.8 1 
356.85 1 
356.9 1 
356.95 1 
357 1 
357.05 1 
357.1 1 
357.15 1 
357.2 1 
357.25 1 
357.3 1 
357.35 1 
357.4 1 
357.45 1 
357.5 1 
357.55 1 
357.6 1 
357.65 1 
357.7 1 
357.75 1 
357.8 1 
357.85 1 
357.9 1 
357.95 1 
358 1 
358.05 1 
358.1 1 
358.15 1 
358.2 1 
358.25 1 
358.3 1 
358.35 1 
358.4 1 
358.45 1 
358.5 1 
358.55 1 
358.6 1 
358.65 1 
358.7 1 
358.75 1 
358.8 1 
358.85 1 
358.9 1 
358.95 1 
359 1 
359.05 1 
359.1 1 
359.15 1 
359.2 1 
359.25 1 
359.3 1 
359.35 1 
359.4 1 
359.45 1 
359.5 1 
359.55 1 
359.6 1 
359.65 1 
359.7 1 
359.75 1 
359.8 1 
359.85 1 
359.9 1 
359.95 1 
360 1 
360.05 1 
360.1 1 
360.15 1 
360.2 1 
360.25 1 
360.3 1 
360.35 1 
360.4 1 
360.45 1 
360.5 1 
360.55 1 
360.6 1 
360.65 1 
360.7 1 
360.75 1 
360.8 1 
360.85 1 
360.9 1 
360.95 1 
361 1 
361.05 1 
361.1 1 
361.15 1 
361.2 1 
361.25 1 
361.3 1 
361.35 1 
361.4 1 
361.45 1 
361.5 1 
361.55 1 
361.6 1 
361.65 1 
361.7 1 
361.75 1 
361.8 1 
361.85 1 
361.9 1 
361.95 1 
362 1 
362.05 1 
362.1 1 
362.15 1 
362.2 1 
362.25 1 
362.3 1 
362.35 1 
362.4 1 
362.45 1 
362.5 1 
362.55 1 
362.6 1 
362.65 1 
362.7 1 
362.75 1 
362.8 1 
362.85 1 
362.9 1 
362.95 1 
363 1 
363.05 1 
363.1 1 
363.15 1 
363.2 1 
363.25 1 
363.3 1 
363.35 1 
363.4 1 
363.45 1 
363.5 1 
363.55 1 
363.6 1 
363.65 1 
363.7 1 
363.75 1 
363.8 1 
363.85 1 
363.9 1 
363.95 1 
364 1 
364.05 1 
364.1 1 
364.15 1 
364.2 1 
364.25 1 
364.3 1 
364.35 1 
364.4 1 
364.45 1 
364.5 1 
364.55 1 
364.6 1 
364.65 1 
364.7 1 
364.75 1 
364.8 1 
364.85 1 
364.9 1 
364.95 1 
365 1 
